 #        1000
   7.9920079920079920E-002   2.0142985408493579E-004   1.8845245688478916E-002
  0.15984015984015984        2.0142955381584365E-004   1.8849162151619813E-002
  0.23976023976023975        2.0142895369486608E-004   1.8856994568420510E-002
  0.31968031968031968        2.0142805455630291E-004   1.8868741902633979E-002
  0.39960039960039961        2.0142685765128419E-004   1.8884402557063692E-002
  0.47952047952047955        2.0142536464728763E-004   1.8903974323244376E-002
  0.55944055944055937        2.0142357762733526E-004   1.8927454316107779E-002
  0.63936063936063936        2.0142149908873933E-004   1.8954838895083911E-002
  0.71928071928071924        2.0141913194124668E-004   1.8986123573382814E-002
  0.79920079920079912        2.0141647950441328E-004   1.9021302917453443E-002
  0.87912087912087911        2.0141354550403209E-004   1.9060370438819682E-002
  0.95904095904095898        2.0141033406743386E-004   1.9103318480644293E-002
   1.0389610389610389        2.0140684971748691E-004   1.9150138101466999E-002
   1.1188811188811187        2.0140309736513200E-004   1.9200818958601418E-002
   1.1988011988011988        2.0139908230030858E-004   1.9255349193657754E-002
   1.2787212787212787        2.0139481018115313E-004   1.9313715322585939E-002
   1.3586413586413586        2.0139028702137942E-004   1.9375902132509653E-002
   1.4385614385614385        2.0138551917578610E-004   1.9441892587451000E-002
   1.5184815184815184        2.0138051332387226E-004   1.9511667744833705E-002
   1.5984015984015985        2.0137527645158260E-004   1.9585206684405325E-002
   1.6783216783216783        2.0136981583124093E-004   1.9662486450945212E-002
   1.7582417582417582        2.0136413899977072E-004   1.9743482011830710E-002
   1.8381618381618381        2.0135825373533703E-004   1.9828166230228102E-002
   1.9180819180819180        2.0135216803257740E-004   1.9916509854365730E-002
   1.9980019980019978        2.0134589007661895E-004   2.0008481523040939E-002
   2.0779220779220782        2.0133942821610253E-004   2.0104047787217860E-002
   2.1578421578421576        2.0133279093545421E-004   2.0203173147297162E-002
   2.2377622377622379        2.0132598682665712E-004   2.0305820105385366E-002
   2.3176823176823178        2.0131902456078409E-004   2.0411949231667541E-002
   2.3976023976023977        2.0131191285955235E-004   2.0521519243794573E-002
   2.4775224775224776        2.0130466046715736E-004   2.0634487098040062E-002
   2.5574425574425574        2.0129727612263316E-004   2.0750808090860731E-002
   2.6373626373626373        2.0128976853297151E-004   2.0870435969412401E-002
   2.7172827172827172        2.0128214634721457E-004   2.0993323049526100E-002
   2.7972027972027971        2.0127441813171270E-004   2.1119420339639053E-002
   2.8771228771228770        2.0126659234671526E-004   2.1248677669196296E-002
   2.9570429570429568        2.0125867732443593E-004   2.1381043820090595E-002
   3.0369630369630367        2.0125068124870606E-004   2.1516466659786043E-002
   3.1168831168831170        2.0124261213630272E-004   2.1654893274869989E-002
   3.1968031968031969        2.0123447782001113E-004   2.1796270103894951E-002
   3.2767232767232768        2.0122628593345409E-004   2.1940543068501905E-002
   3.3566433566433567        2.0121804389769765E-004   2.2087657701953742E-002
   3.4365634365634365        2.0120975890961938E-004   2.2237559274349575E-002
   3.5164835164835164        2.0120143793200528E-004   2.2390192913931063E-002
   3.5964035964035963        2.0119308768532380E-004   2.2545503724028453E-002
   3.6763236763236762        2.0118471464111151E-004   2.2703436895322931E-002
   3.7562437562437561        2.0117632501689096E-004   2.2863937813219271E-002
   3.8361638361638359        2.0116792477253392E-004   2.3026952160228230E-002
   3.9160839160839158        2.0115951960797461E-004   2.3192426013348297E-002
   3.9960039960039961        2.0115111496217414E-004   2.3360305936510763E-002
   4.0759240759240765        2.0114271601323451E-004   2.3530539068210819E-002
   4.1558441558441555        2.0113432767956073E-004   2.3703073204489042E-002
   4.2357642357642353        2.0112595462197061E-004   2.3877856877454511E-002
   4.3156843156843152        2.0111760124665447E-004   2.4054839429552492E-002
   4.3956043956043960        2.0110927170889184E-004   2.4233971083778512E-002
   4.4755244755244759        2.0110096991743590E-004   2.4415203010027663E-002
   4.5554445554445557        2.0109269953948251E-004   2.4598487387746001E-002
   4.6353646353646356        2.0108446400614682E-004   2.4783777465020886E-002
   4.7152847152847155        2.0107626651837539E-004   2.4971027614212295E-002
   4.7952047952047954        2.0106811005322922E-004   2.5160193384188869E-002
   4.8751248751248752        2.0105999737047759E-004   2.5351231549193401E-002
   4.9550449550449551        2.0105193101944960E-004   2.5544100154323911E-002
   5.0349650349650350        2.0104391334609405E-004   2.5738758557581103E-002
   5.1148851148851149        2.0103594650020475E-004   2.5935167468401230E-002
   5.1948051948051948        2.0102803244277176E-004   2.6133288982567553E-002
   5.2747252747252746        2.0102017295342285E-004   2.6333086613373680E-002
   5.3546453546453545        2.0101236963792398E-004   2.6534525318899795E-002
   5.4345654345654344        2.0100462393570948E-004   2.6737571525257367E-002
   5.5144855144855143        2.0099693712741595E-004   2.6942193145660896E-002
   5.5944055944055942        2.0098931034239547E-004   2.7148359595194734E-002
   5.6743256743256740        2.0098174456618652E-004   2.7356041801160417E-002
   5.7542457542457539        2.0097424064792119E-004   2.7565212208913139E-002
   5.8341658341658338        2.0096679930765071E-004   2.7775844783125031E-002
   5.9140859140859137        2.0095942114356960E-004   2.7987915004446730E-002
   5.9940059940059935        2.0095210663912324E-004   2.8201399861575938E-002
   6.0739260739260743        2.0094485616998147E-004   2.8416277838781635E-002
   6.1538461538461542        2.0093767001086381E-004   2.8632528898973802E-002
   6.2337662337662341        2.0093054834220220E-004   2.8850134462450164E-002
   6.3136863136863139        2.0092349125662754E-004   2.9069077381492017E-002
   6.3936063936063938        2.0091649876526852E-004   2.9289341911020249E-002
   6.4735264735264737        2.0090957080385068E-004   2.9510913675558879E-002
   6.5534465534465536        2.0090270723858636E-004   2.9733779632786020E-002
   6.6333666333666335        2.0089590787184607E-004   2.9957928033980587E-002
   6.7132867132867133        2.0088917244760350E-004   3.0183348381696992E-002
   6.7932067932067932        2.0088250065664818E-004   3.0410031385018625E-002
   6.8731268731268731        2.0087589214155978E-004   3.0637968912754318E-002
   6.9530469530469530        2.0086934650144085E-004   3.0867153944949866E-002
   7.0329670329670328        2.0086286329640520E-004   3.1097580523089335E-002
   7.1128871128871127        2.0085644205182081E-004   3.1329243699358279E-002
   7.1928071928071926        2.0085008226230727E-004   3.1562139485333318E-002
   7.2727272727272725        2.0084378339548948E-004   3.1796264800450613E-002
   7.3526473526473524        2.0083754489551016E-004   3.2031617420589659E-002
   7.4325674325674322        2.0083136618630475E-004   3.2268195927088753E-002
   7.5124875124875121        2.0082524667464440E-004   3.2505999656486262E-002
   7.5924075924075920        2.0081918575295206E-004   3.2745028651256274E-002
   7.6723276723276719        2.0081318280189953E-004   3.2985283611780110E-002
   7.7522477522477518        2.0080723719279216E-004   3.3226765849767255E-002
   7.8321678321678325        2.0080134828975041E-004   3.3469477243309780E-002
   7.9120879120879124        2.0079551545169655E-004   3.3713420193725425E-002
   7.9920079920079923        2.0078973803415640E-004   3.3958597584315707E-002
   8.0719280719280722        2.0078401539088536E-004   3.4205012741136936E-002
   8.1518481518481529        2.0077834687532903E-004   3.4452669395855368E-002
   8.2317682317682319        2.0077273184192831E-004   3.4701571650732205E-002
   8.3116883116883127        2.0076716964727924E-004   3.4951723945759891E-002
   8.3916083916083917        2.0076165965115747E-004   3.5203131027950404E-002
   8.4715284715284724        2.0075620121741744E-004   3.5455797922755092E-002
   8.5514485514485514        2.0075079371477582E-004   3.5709729907579431E-002
   8.6313686313686322        2.0074543651748877E-004   3.5964932487340000E-002
   8.7112887112887130        2.0074012900593200E-004   3.6221411371998115E-002
   8.7912087912087920        2.0073487056709212E-004   3.6479172455994004E-002
   8.8711288711288727        2.0072966059497835E-004   3.6738221799496269E-002
   8.9510489510489517        2.0072449849096134E-004   3.6998565611375010E-002
   9.0309690309690325        2.0071938366404734E-004   3.7260210233801973E-002
   9.1108891108891115        2.0071431553109407E-004   3.7523162128378154E-002
   9.1908091908091922        2.0070929351697538E-004   3.7787427863687467E-002
   9.2707292707292712        2.0070431705469980E-004   3.8053014104175407E-002
   9.3506493506493520        2.0069938558548909E-004   3.8319927600252081E-002
   9.4305694305694310        2.0069449855882165E-004   3.8588175179521712E-002
   9.5104895104895117        2.0068965543244534E-004   3.8857763739043261E-002
   9.5904095904095907        2.0068485567236374E-004   3.9128700238530829E-002
   9.6703296703296715        2.0068009875280000E-004   3.9400991694406355E-002
   9.7502497502497505        2.0067538415614097E-004   3.9674645174622401E-002
   9.8301698301698313        2.0067071137286550E-004   3.9949667794177163E-002
   9.9100899100899102        2.0066607990145877E-004   4.0226066711249495E-002
   9.9900099900099910        2.0066148924831559E-004   4.0503849123886639E-002
   10.069930069930070        2.0065693892763438E-004   4.0783022267182736E-002
   10.149850149850151        2.0065242846130398E-004   4.1063593410891337E-002
   10.229770229770230        2.0064795737878468E-004   4.1345569857420029E-002
   10.309690309690311        2.0064352521698489E-004   4.1628958940160304E-002
   10.389610389610391        2.0063913152013467E-004   4.1913768022110130E-002
   10.469530469530470        2.0063477583965727E-004   4.2200004494751066E-002
   10.549450549450551        2.0063045773403921E-004   4.2487675777146135E-002
   10.629370629370630        2.0062617676870005E-004   4.2776789315227708E-002
   10.709290709290711        2.0062193251586208E-004   4.3067352581249246E-002
   10.789210789210790        2.0061772455442096E-004   4.3359373073376485E-002
   10.869130869130871        2.0061355246981695E-004   4.3652858315397947E-002
   10.949050949050950        2.0060941585390803E-004   4.3947815856536239E-002
   11.028971028971030        2.0060531430484438E-004   4.4244253271344652E-002
   11.108891108891109        2.0060124742694494E-004   4.4542178159675261E-002
   11.188811188811190        2.0059721483057583E-004   4.4841598146706678E-002
   11.268731268731269        2.0059321613203138E-004   4.5142520883021495E-002
   11.348651348651350        2.0058925095341697E-004   4.5444954044724581E-002
   11.428571428571429        2.0058531892253471E-004   4.5748905333595276E-002
   11.508491508491510        2.0058141967277119E-004   4.6054382477266564E-002
   11.588411588411589        2.0057755284298793E-004   4.6361393229426569E-002
   11.668331668331669        2.0057371807741397E-004   4.6669945370037574E-002
   11.748251748251748        2.0056991502554120E-004   4.6980046705569101E-002
   11.828171828171829        2.0056614334202188E-004   4.7291705069241734E-002
   11.908091908091908        2.0056240268656866E-004   4.7604928321279327E-002
   11.988011988011989        2.0055869272385694E-004   4.7919724349167379E-002
   12.067932067932070        2.0055501312342931E-004   4.8236101067915794E-002
   12.147852147852149        2.0055136355960263E-004   4.8554066420324907E-002
   12.227772227772229        2.0054774371137702E-004   4.8873628377253307E-002
   12.307692307692308        2.0054415326234705E-004   4.9194794937886664E-002
   12.387612387612389        2.0054059190061516E-004   4.9517574130006826E-002
   12.467532467532468        2.0053705931870702E-004   4.9841974010260866E-002
   12.547452547452549        2.0053355521348882E-004   5.0168002664429105E-002
   12.627372627372628        2.0053007928608671E-004   5.0495668207692371E-002
   12.707292707292709        2.0052663124180809E-004   5.0824978784897688E-002
   12.787212787212788        2.0052321079006444E-004   5.1155942570822607E-002
   12.867132867132868        2.0051981764429648E-004   5.1488567770437914E-002
   12.947052947052947        2.0051645152190044E-004   5.1822862619168554E-002
   13.026973026973028        2.0051311214415666E-004   5.2158835383152920E-002
   13.106893106893107        2.0050979923615930E-004   5.2496494359500136E-002
   13.186813186813188        2.0050651252674815E-004   5.2835847876545869E-002
   13.266733266733267        2.0050325174844147E-004   5.3176904294106091E-002
   13.346653346653348        2.0050001663737076E-004   5.3519672003729264E-002
   13.426573426573427        2.0049680693321679E-004   5.3864159428946755E-002
   13.506493506493507        2.0049362237914726E-004   5.4210375025521687E-002
   13.586413586413586        2.0049046272175563E-004   5.4558327281696135E-002
   13.666333666333667        2.0048732771100130E-004   5.4908024718436740E-002
   13.746253746253748        2.0048421710015145E-004   5.5259475889678979E-002
   13.826173826173827        2.0048113064572375E-004   5.5612689382569878E-002
   13.906093906093908        2.0047806810743058E-004   5.5967673817709465E-002
   13.986013986013987        2.0047502924812438E-004   5.6324437849390861E-002
   14.065934065934067        2.0047201383374403E-004   5.6682990165839178E-002
   14.145854145854146        2.0046902163326283E-004   5.7043339489449139E-002
   14.225774225774227        2.0046605241863711E-004   5.7405494577021834E-002
   14.305694305694306        2.0046310596475610E-004   5.7769464220000052E-002
   14.385614385614387        2.0046018204939305E-004   5.8135257244702886E-002
   14.465534465534466        2.0045728045315714E-004   5.8502882512559244E-002
   14.545454545454547        2.0045440095944647E-004   5.8872348920340552E-002
   14.625374625374626        2.0045154335440223E-004   5.9243665400392498E-002
   14.705294705294707        2.0044870742686331E-004   5.9616840920866047E-002
   14.785214785214785        2.0044589296832257E-004   5.9991884485947722E-002
   14.865134865134866        2.0044309977288341E-004   6.0368805136089096E-002
   14.945054945054945        2.0044032763721754E-004   6.0747611948235761E-002
   15.024975024975026        2.0043757636052344E-004   6.1128314036055488E-002
   15.104895104895105        2.0043484574448588E-004   6.1510920550165986E-002
   15.184815184815186        2.0043213559323606E-004   6.1895440678362008E-002
   15.264735264735265        2.0042944571331263E-004   6.2281883645842091E-002
   15.344655344655346        2.0042677591362349E-004   6.2670258715434773E-002
   15.424575424575425        2.0042412600540846E-004   6.3060575187824319E-002
   15.504495504495505        2.0042149580220238E-004   6.3452842401776205E-002
   15.584415584415586        2.0041888511979929E-004   6.3847069734362216E-002
   15.664335664335665        2.0041629377621719E-004   6.4243266601185012E-002
   15.744255744255746        2.0041372159166341E-004   6.4641442456603054E-002
   15.824175824175825        2.0041116838850068E-004   6.5041606793954418E-002
   15.904095904095906        2.0040863399121403E-004   6.5443769145780969E-002
   15.984015984015985        2.0040611822637810E-004   6.5847939084052509E-002
   16.063936063936065        2.0040362092262518E-004   6.6254126220389994E-002
   16.143856143856144        2.0040114191061394E-004   6.6662340206289569E-002
   16.223776223776223        2.0039868102299864E-004   6.7072590733345747E-002
   16.303696303696302        2.0039623809439892E-004   6.7484887533475008E-002
   16.383616383616381        2.0039381296137030E-004   6.7899240379139247E-002
   16.463536463536464        2.0039140546237509E-004   6.8315659083568930E-002
   16.543456543456543        2.0038901543775389E-004   6.8734153500986633E-002
   16.623376623376622        2.0038664272969771E-004   6.9154733526830436E-002
   16.703296703296701        2.0038428718222045E-004   6.9577409097977452E-002
   16.783216783216783        2.0038194864113211E-004   7.0002190192967287E-002
   16.863136863136862        2.0037962695401216E-004   7.0429086832225846E-002
   16.943056943056941        2.0037732197018381E-004   7.0858109078288989E-002
   17.022977022977020        2.0037503354068841E-004   7.1289267036026602E-002
   17.102897102897103        2.0037276151826049E-004   7.1722570852866679E-002
   17.182817182817182        2.0037050575730326E-004   7.2158030719019578E-002
   17.262737262737261        2.0036826611386448E-004   7.2595656867702668E-002
   17.342657342657343        2.0036604244561272E-004   7.3035459575364919E-002
   17.422577422577422        2.0036383461181429E-004   7.3477449161912192E-002
   17.502497502497501        2.0036164247331020E-004   7.3921635990932238E-002
   17.582417582417580        2.0035946589249404E-004   7.4368030469920479E-002
   17.662337662337663        2.0035730473328959E-004   7.4816643050505602E-002
   17.742257742257742        2.0035515886112951E-004   7.5267484228676226E-002
   17.822177822177821        2.0035302814293390E-004   7.5720564545007071E-002
   17.902097902097900        2.0035091244708961E-004   7.6175894584885884E-002
   17.982017982017982        2.0034881164342943E-004   7.6633484978740993E-002
   18.061938061938061        2.0034672560321232E-004   7.7093346402268739E-002
   18.141858141858140        2.0034465419910329E-004   7.7555489576661543E-002
   18.221778221778219        2.0034259730515410E-004   7.8019925268836651E-002
   18.301698301698302        2.0034055479678403E-004   7.8486664291664843E-002
   18.381618381618381        2.0033852655076132E-004   7.8955717504199885E-002
   18.461538461538460        2.0033651244518434E-004   7.9427095811908377E-002
   18.541458541458539        2.0033451235946370E-004   7.9900810166900177E-002
   18.621378621378621        2.0033252617430430E-004   8.0376871568159036E-002
   18.701298701298700        2.0033055377168782E-004   8.0855291061774220E-002
   18.781218781218779        2.0032859503485542E-004   8.1336079741171990E-002
   18.861138861138862        2.0032664984829076E-004   8.1819248747348416E-002
   18.941058941058941        2.0032471809770339E-004   8.2304809269101942E-002
   19.020979020979020        2.0032279967001227E-004   8.2792772543267126E-002
   19.100899100899099        2.0032089445332971E-004   8.3283149854948682E-002
   19.180819180819181        2.0031900233694552E-004   8.3775952537756077E-002
   19.260739260739260        2.0031712321131126E-004   8.4271191974038748E-002
   19.340659340659339        2.0031525696802499E-004   8.4768879595122124E-002
   19.420579420579418        2.0031340349981630E-004   8.5269026881543974E-002
   19.500499500499501        2.0031156270053127E-004   8.5771645363291751E-002
   19.580419580419580        2.0030973446511790E-004   8.6276746620040187E-002
   19.660339660339659        2.0030791868961182E-004   8.6784342281389815E-002
   19.740259740259738        2.0030611527112205E-004   8.7294444027106066E-002
   19.820179820179820        2.0030432410781724E-004   8.7807063587359110E-002
   19.900099900099899        2.0030254509891183E-004   8.8322212742964354E-002
   19.980019980019978        2.0030077814465263E-004   8.8839903325623540E-002
   20.059940059940057        2.0029902314630551E-004   8.9360147218166736E-002
   20.139860139860140        2.0029728000614259E-004   8.9882956354794971E-002
   20.219780219780219        2.0029554862742904E-004   9.0408342721323642E-002
   20.299700299700298        2.0029382891441079E-004   9.0936318355426468E-002
   20.379620379620377        2.0029212077230180E-004   9.1466895346880406E-002
   20.459540459540460        2.0029042410727203E-004   9.2000085837811316E-002
   20.539460539460539        2.0028873882643532E-004   9.2535902022940264E-002
   20.619380619380618        2.0028706483783755E-004   9.3074356149830839E-002
   20.699300699300700        2.0028540205044477E-004   9.3615460519136856E-002
   20.779220779220779        2.0028375037413210E-004   9.4159227484851338E-002
   20.859140859140858        2.0028210971967194E-004   9.4705669454555927E-002
   20.939060939060937        2.0028047999872325E-004   9.5254798889671338E-002
   21.018981018981020        2.0027886112382022E-004   9.5806628305708436E-002
   21.098901098901099        2.0027725300836172E-004   9.6361170272520516E-002
   21.178821178821178        2.0027565556660049E-004   9.6918437414555983E-002
   21.258741258741257        2.0027406871363273E-004   9.7478442411112143E-002
   21.338661338661339        2.0027249236538778E-004   9.8041197996589877E-002
   21.418581418581418        2.0027092643861788E-004   9.8606716960749213E-002
   21.498501498501497        2.0026937085088829E-004   9.9175012148965416E-002
   21.578421578421576        2.0026782552056728E-004   9.9746096462486569E-002
   21.658341658341659        2.0026629036681642E-004  0.10031998285869161     
   21.738261738261738        2.0026476530958119E-004  0.10089668435134935     
   21.818181818181817        2.0026325026958124E-004  0.10147621401087879     
   21.898101898101896        2.0026174516830144E-004  0.10205858496460836     
   21.978021978021978        2.0026024992798235E-004  0.10264381039704697     
   22.057942057942057        2.0025876447161135E-004  0.10323190355021897     
   22.137862137862136        2.0025728872291604E-004  0.10382287772291161     
   22.217782217782215        2.0025582260635859E-004  0.10441674626960386     
   22.297702297702298        2.0025436604692798E-004  0.10501352268503153     
   22.377622377622377        2.0025291897320994E-004  0.10561322035660164     
   22.457542457542456        2.0025148257203537E-004  0.10621584707814434     
   22.537462537462538        2.0025068861356427E-004  0.10682144711548634     
   22.617382617382617        2.0057266095527873E-004  0.10743034393925129     
   22.697302697302696        3.6622513366732571E-004  0.10803892239139762     
   22.777222777222775        6.0621806976263806E-002  0.10863905493057477     
   22.857142857142858       0.17478880456612986       0.10886655022137261     
   22.937062937062937       0.27725227180097051       0.10850946008825801     
   23.016983016983016       0.35648086684517233       0.10759694984779548     
   23.096903096903095       0.41700516487573197       0.10623357216470800     
   23.176823176823177       0.46496880312438860       0.10451608797576631     
   23.256743256743256       0.50482241818489626       0.10251418793315309     
   23.336663336663335       0.53933000374256002       0.10027425441777797     
   23.416583416583414       0.57014336860327519        9.7826973296662872E-002
   23.496503496503497       0.59826266819924978        9.5193283558987415E-002
   23.576423576423576       0.62431586982855436        9.2388152335090887E-002
   23.656343656343655       0.64871334397433267        8.9422812812690794E-002
   23.736263736263734       0.67173107958183642        8.6306086610800789E-002
   23.816183816183816       0.69355541175778790        8.3045195331007793E-002
   23.896103896103895       0.71430683030202902        7.9646293894763062E-002
   23.976023976023974       0.73405164661330369        7.6114855543835541E-002
   24.055944055944057       0.75280563086289443        7.2455983907251748E-002
   24.135864135864136       0.77053122178721711        6.8674701049803166E-002
   24.215784215784215       0.78712841283881019        6.4776249564807889E-002
   24.295704295704294       0.80241833650024130        6.0766445250326727E-002
   24.375624375624376       0.81611762123052645        5.6652121918028923E-002
   24.455544455544455       0.82780070621974711        5.2441720389002008E-002
   24.535464535464534       0.83684661874887900        4.8146089195481509E-002
   24.615384615384613       0.84236679507054701        4.3779583516474416E-002
   24.695304695304696       0.84311268215572988        3.9361566791031102E-002
   24.775224775224775       0.83736885844873810        3.4918423926962441E-002
   24.855144855144854       0.82285432259465363        3.0486157839732356E-002
   24.935064935064933       0.79668902087014992        2.6113505560956436E-002
   25.014985014985015       0.75554136172416986        2.1865178880917716E-002
   25.094905094905094       0.69614691555808828        1.7824179744289945E-002
   25.174825174825173       0.61641946069808673        1.4091102286613545E-002
   25.254745254745252       0.51720626485498777        1.0777215472031644E-002
   25.334665334665335       0.40415815548780215        7.9881010344889872E-003
   25.414585414585414       0.28828225022276727        5.7978727838932887E-003
   25.494505494505493       0.18351606968928139        4.2217116405598738E-003
   25.574425574425572       0.10152538736939098        3.2021894173739169E-003
   25.654345654345654        4.6993269756319497E-002   2.6221328920479816E-003
   25.734265734265733        1.6960082389020952E-002   2.3400104097949519E-003
   25.814185814185812        4.0932416830732560E-003   2.2279080244640192E-003
   25.894105894105895        6.4124603589830272E-004   2.1938529120730439E-003
   25.974025974025974        2.4515875874872779E-004   2.1857529841833004E-003
   26.053946053946053        2.1570065476877350E-004   2.1840140800114447E-003
   26.133866133866132        2.1361904728823601E-004   2.1836527534112946E-003
   26.213786213786214        2.1347278073230206E-004   2.1835784552856159E-003
   26.293706293706293        2.1346256087495749E-004   2.1835632264873596E-003
   26.373626373626372        2.1346185771606017E-004   2.1835601073689512E-003
   26.453546453546451        2.1346181155116524E-004   2.1835594684539868E-003
   26.533466533466534        2.1346180898182009E-004   2.1835593375280032E-003
   26.613386613386613        2.1346180894006082E-004   2.1835593106854147E-003
   26.693306693306692        2.1346180896561758E-004   2.1835593051791830E-003
   26.773226773226771        2.1346180897326221E-004   2.1835593040490696E-003
   26.853146853146853        2.1346180897500062E-004   2.1835593038169944E-003
   26.933066933066932        2.1346180897536962E-004   2.1835593037693099E-003
   27.012987012987011        2.1346180897544630E-004   2.1835593037595065E-003
   27.092907092907090        2.1346180897546213E-004   2.1835593037574891E-003
   27.172827172827173        2.1346180897546539E-004   2.1835593037570745E-003
   27.252747252747252        2.1346180897546609E-004   2.1835593037569882E-003
   27.332667332667331        2.1346180897546623E-004   2.1835593037569712E-003
   27.412587412587413        2.1346180897546625E-004   2.1835593037569669E-003
   27.492507492507492        2.1346180897546623E-004   2.1835593037569665E-003
   27.572427572427571        2.1346180897546625E-004   2.1835593037569665E-003
   27.652347652347650        2.1346180897546625E-004   2.1835593037569665E-003
   27.732267732267733        2.1346180897546625E-004   2.1835593037569665E-003
   27.812187812187812        2.1346180897546625E-004   2.1835593037569665E-003
   27.892107892107891        2.1346180897546625E-004   2.1835593037569665E-003
   27.972027972027970        2.1346180897546625E-004   2.1835593037569665E-003
   28.051948051948052        2.1346180897546625E-004   2.1835593037569665E-003
   28.131868131868131        2.1346180897546625E-004   2.1835593037569665E-003
   28.211788211788210        2.1346180897546625E-004   2.1835593037569665E-003
   28.291708291708289        2.1346180897546625E-004   2.1835593037569665E-003
   28.371628371628372        2.1346180897546625E-004   2.1835593037569665E-003
   28.451548451548451        2.1346180897546625E-004   2.1835593037569665E-003
   28.531468531468530        2.1346180897546625E-004   2.1835593037569665E-003
   28.611388611388609        2.1346180897546625E-004   2.1835593037569665E-003
   28.691308691308691        2.1346180897546625E-004   2.1835593037569665E-003
   28.771228771228770        2.1346180897546625E-004   2.1835593037569665E-003
   28.851148851148849        2.1346180897546625E-004   2.1835593037569665E-003
   28.931068931068928        2.1346180897546625E-004   2.1835593037569665E-003
   29.010989010989011        2.1346180897546625E-004   2.1835593037569665E-003
   29.090909090909090        2.1346180897546625E-004   2.1835593037569665E-003
   29.170829170829169        2.1346180897546625E-004   2.1835593037569665E-003
   29.250749250749251        2.1346180897546625E-004   2.1835593037569665E-003
   29.330669330669330        2.1346180897546625E-004   2.1835593037569665E-003
   29.410589410589409        2.1346180897546625E-004   2.1835593037569665E-003
   29.490509490509488        2.1346180897546625E-004   2.1835593037569665E-003
   29.570429570429571        2.1346180897546625E-004   2.1835593037569665E-003
   29.650349650349650        2.1346180897546625E-004   2.1835593037569665E-003
   29.730269730269729        2.1346180897546625E-004   2.1835593037569665E-003
   29.810189810189808        2.1346180897546625E-004   2.1835593037569665E-003
   29.890109890109891        2.1346180897546625E-004   2.1835593037569665E-003
   29.970029970029969        2.1346180897546625E-004   2.1835593037569665E-003
   30.049950049950048        2.1346180897546625E-004   2.1835593037569665E-003
   30.129870129870127        2.1346180897546625E-004   2.1835593037569665E-003
   30.209790209790210        2.1346180897546625E-004   2.1835593037569665E-003
   30.289710289710289        2.1346180897546625E-004   2.1835593037569665E-003
   30.369630369630368        2.1346180897546625E-004   2.1835593037569665E-003
   30.449550449550447        2.1346180897546625E-004   2.1835593037569665E-003
   30.529470529470530        2.1346180897546625E-004   2.1835593037569665E-003
   30.609390609390609        2.1346180897546625E-004   2.1835593037569665E-003
   30.689310689310688        2.1346180897546625E-004   2.1835593037569665E-003
   30.769230769230766        2.1346180897546625E-004   2.1835593037569665E-003
   30.849150849150849        2.1346180897546625E-004   2.1835593037569665E-003
   30.929070929070928        2.1346180897546625E-004   2.1835593037569665E-003
   31.008991008991007        2.1346180897546625E-004   2.1835593037569665E-003
   31.088911088911090        2.1346180897546625E-004   2.1835593037569665E-003
   31.168831168831169        2.1346180897546625E-004   2.1835593037569665E-003
   31.248751248751248        2.1346180897546625E-004   2.1835593037569665E-003
   31.328671328671327        2.1346180897546625E-004   2.1835593037569665E-003
   31.408591408591409        2.1346180897546625E-004   2.1835593037569665E-003
   31.488511488511488        2.1346180897546625E-004   2.1835593037569665E-003
   31.568431568431567        2.1346180897546625E-004   2.1835593037569665E-003
   31.648351648351646        2.1346180897546625E-004   2.1835593037569665E-003
   31.728271728271729        2.1346180897546625E-004   2.1835593037569665E-003
   31.808191808191808        2.1346180897546625E-004   2.1835593037569665E-003
   31.888111888111887        2.1346180897546625E-004   2.1835593037569665E-003
   31.968031968031966        2.1346180897546625E-004   2.1835593037569665E-003
   32.047952047952052        2.1346180897546625E-004   2.1835593037569665E-003
   32.127872127872124        2.1346180897546625E-004   2.1835593037569665E-003
   32.207792207792210        2.1346180897546625E-004   2.1835593037569665E-003
   32.287712287712289        2.1346180897546625E-004   2.1835593037569665E-003
   32.367632367632368        2.1346180897546625E-004   2.1835593037569665E-003
   32.447552447552447        2.1346180897546625E-004   2.1835593037569665E-003
   32.527472527472526        2.1346180897546625E-004   2.1835593037569665E-003
   32.607392607392605        2.1346180897546625E-004   2.1835593037569665E-003
   32.687312687312684        2.1346180897546625E-004   2.1835593037569665E-003
   32.767232767232770        2.1346180897546625E-004   2.1835593037569665E-003
   32.847152847152849        2.1346180897546625E-004   2.1835593037569665E-003
   32.927072927072928        2.1346180897546625E-004   2.1835593037569665E-003
   33.006993006993007        2.1346180897546625E-004   2.1835593037569665E-003
   33.086913086913086        2.1346180897546625E-004   2.1835593037569665E-003
   33.166833166833165        2.1346180897546625E-004   2.1835593037569665E-003
   33.246753246753244        2.1346180897546625E-004   2.1835593037569665E-003
   33.326673326673323        2.1346180897546625E-004   2.1835593037569665E-003
   33.406593406593409        2.1346180897546625E-004   2.1835593037569665E-003
   33.486513486513488        2.1346180897546625E-004   2.1835593037569665E-003
   33.566433566433567        2.1346180897546625E-004   2.1835593037569665E-003
   33.646353646353646        2.1346180897546625E-004   2.1835593037569665E-003
   33.726273726273725        2.1346180897546625E-004   2.1835593037569665E-003
   33.806193806193804        2.1346180897546625E-004   2.1835593037569665E-003
   33.886113886113883        2.1346180897546625E-004   2.1835593037569665E-003
   33.966033966033962        2.1346180897546625E-004   2.1835593037569665E-003
   34.045954045954048        2.1346180897546625E-004   2.1835593037569665E-003
   34.125874125874127        2.1346180897546625E-004   2.1835593037569665E-003
   34.205794205794206        2.1346180897546625E-004   2.1835593037569665E-003
   34.285714285714285        2.1346180897546625E-004   2.1835593037569665E-003
   34.365634365634364        2.1346180897546625E-004   2.1835593037569665E-003
   34.445554445554443        2.1346180897546625E-004   2.1835593037569665E-003
   34.525474525474522        2.1346180897546625E-004   2.1835593037569665E-003
   34.605394605394608        2.1346180897546625E-004   2.1835593037569665E-003
   34.685314685314687        2.1346180897546625E-004   2.1835593037569665E-003
   34.765234765234766        2.1346180897546625E-004   2.1835593037569665E-003
   34.845154845154845        2.1346180897546625E-004   2.1835593037569665E-003
   34.925074925074924        2.1346180897546625E-004   2.1835593037569665E-003
   35.004995004995003        2.1346180897546625E-004   2.1835593037569665E-003
   35.084915084915082        2.1346180897546625E-004   2.1835593037569665E-003
   35.164835164835161        2.1346180897546625E-004   2.1835593037569665E-003
   35.244755244755247        2.1346180897546625E-004   2.1835593037569665E-003
   35.324675324675326        2.1346180897546625E-004   2.1835593037569665E-003
   35.404595404595405        2.1346180897546625E-004   2.1835593037569665E-003
   35.484515484515484        2.1346180897546625E-004   2.1835593037569665E-003
   35.564435564435563        2.1346180897546625E-004   2.1835593037569665E-003
   35.644355644355642        2.1346180897546625E-004   2.1835593037569665E-003
   35.724275724275721        2.1346180897546625E-004   2.1835593037569665E-003
   35.804195804195800        2.1346180897546625E-004   2.1835593037569665E-003
   35.884115884115886        2.1346180897546625E-004   2.1835593037569665E-003
   35.964035964035965        2.1346180897546625E-004   2.1835593037569665E-003
   36.043956043956044        2.1346180897546625E-004   2.1835593037569665E-003
   36.123876123876123        2.1346180897546625E-004   2.1835593037569665E-003
   36.203796203796202        2.1346180897546625E-004   2.1835593037569665E-003
   36.283716283716281        2.1346180897546625E-004   2.1835593037569665E-003
   36.363636363636360        2.1346180897546625E-004   2.1835593037569665E-003
   36.443556443556446        2.1346180897546625E-004   2.1835593037569665E-003
   36.523476523476525        2.1346180897546625E-004   2.1835593037569665E-003
   36.603396603396604        2.1346180897546625E-004   2.1835593037569665E-003
   36.683316683316683        2.1346180897546625E-004   2.1835593037569665E-003
   36.763236763236762        2.1346180897546625E-004   2.1835593037569665E-003
   36.843156843156841        2.1346180897546625E-004   2.1835593037569665E-003
   36.923076923076920        2.1346180897546625E-004   2.1835593037569665E-003
   37.002997002996999        2.1346180897546625E-004   2.1835593037569665E-003
   37.082917082917085        2.1346180897546625E-004   2.1835593037569665E-003
   37.162837162837164        2.1346180897546625E-004   2.1835593037569665E-003
   37.242757242757243        2.1346180897546625E-004   2.1835593037569665E-003
   37.322677322677322        2.1346180897546625E-004   2.1835593037569665E-003
   37.402597402597401        2.1346180897546625E-004   2.1835593037569665E-003
   37.482517482517480        2.1346180897546625E-004   2.1835593037569665E-003
   37.562437562437559        2.1346180897546625E-004   2.1835593037569665E-003
   37.642357642357645        2.1346180897546625E-004   2.1835593037569665E-003
   37.722277722277724        2.1346180897546625E-004   2.1835593037569665E-003
   37.802197802197803        2.1346180897546625E-004   2.1835593037569665E-003
   37.882117882117882        2.1346180897546625E-004   2.1835593037569665E-003
   37.962037962037961        2.1346180897546625E-004   2.1835593037569665E-003
   38.041958041958040        2.1346180897546625E-004   2.1835593037569665E-003
   38.121878121878119        2.1346180897546625E-004   2.1835593037569665E-003
   38.201798201798198        2.1346180897546625E-004   2.1835593037569665E-003
   38.281718281718284        2.1346180897546625E-004   2.1835593037569665E-003
   38.361638361638363        2.1346180897546625E-004   2.1835593037569665E-003
   38.441558441558442        2.1346180897546625E-004   2.1835593037569665E-003
   38.521478521478521        2.1346180897546625E-004   2.1835593037569665E-003
   38.601398601398600        2.1346180897546625E-004   2.1835593037569665E-003
   38.681318681318679        2.1346180897546625E-004   2.1835593037569665E-003
   38.761238761238758        2.1346180897546625E-004   2.1835593037569665E-003
   38.841158841158837        2.1346180897546625E-004   2.1835593037569665E-003
   38.921078921078923        2.1346180897546625E-004   2.1835593037569665E-003
   39.000999000999002        2.1346180897546625E-004   2.1835593037569665E-003
   39.080919080919081        2.1346180897546625E-004   2.1835593037569665E-003
   39.160839160839160        2.1346180897546625E-004   2.1835593037569665E-003
   39.240759240759239        2.1346180897546625E-004   2.1835593037569665E-003
   39.320679320679318        2.1346180897546625E-004   2.1835593037569665E-003
   39.400599400599397        2.1346180897546625E-004   2.1835593037569665E-003
   39.480519480519483        2.1346180897546625E-004   2.1835593037569665E-003
   39.560439560439562        2.1346180897546625E-004   2.1835593037569665E-003
   39.640359640359641        2.1346180897546625E-004   2.1835593037569665E-003
   39.720279720279720        2.1346180897546625E-004   2.1835593037569665E-003
   39.800199800199799        2.1346180897546625E-004   2.1835593037569665E-003
   39.880119880119878        2.1346180897546625E-004   2.1835593037569665E-003
   39.960039960039957        2.1346180897546625E-004   2.1835593037569665E-003
   40.039960039960036        2.1346180897546625E-004   2.1835593037569665E-003
   40.119880119880122        2.1346180897546625E-004   2.1835593037569665E-003
   40.199800199800201        2.1346180897546625E-004   2.1835593037569665E-003
   40.279720279720280        2.1346180897546625E-004   2.1835593037569665E-003
   40.359640359640359        2.1346180897546625E-004   2.1835593037569665E-003
   40.439560439560438        2.1346180897546625E-004   2.1835593037569665E-003
   40.519480519480517        2.1346180897546625E-004   2.1835593037569665E-003
   40.599400599400596        2.1346180897546625E-004   2.1835593037569665E-003
   40.679320679320675        2.1346180897546625E-004   2.1835593037569665E-003
   40.759240759240761        2.1346180897546625E-004   2.1835593037569665E-003
   40.839160839160840        2.1346180897546625E-004   2.1835593037569665E-003
   40.919080919080919        2.1346180897546625E-004   2.1835593037569665E-003
   40.999000999000998        2.1346180897546625E-004   2.1835593037569665E-003
   41.078921078921077        2.1346180897546625E-004   2.1835593037569665E-003
   41.158841158841156        2.1346180897546625E-004   2.1835593037569665E-003
   41.238761238761235        2.1346180897546625E-004   2.1835593037569665E-003
   41.318681318681321        2.1346180897546625E-004   2.1835593037569665E-003
   41.398601398601400        2.1346180897546625E-004   2.1835593037569665E-003
   41.478521478521479        2.1346180897546625E-004   2.1835593037569665E-003
   41.558441558441558        2.1346180897546625E-004   2.1835593037569665E-003
   41.638361638361637        2.1346180897546625E-004   2.1835593037569665E-003
   41.718281718281716        2.1346180897546625E-004   2.1835593037569665E-003
   41.798201798201795        2.1346180897546625E-004   2.1835593037569665E-003
   41.878121878121874        2.1346180897546625E-004   2.1835593037569665E-003
   41.958041958041960        2.1346180897546625E-004   2.1835593037569665E-003
   42.037962037962039        2.1346180897546625E-004   2.1835593037569665E-003
   42.117882117882118        2.1346180897546625E-004   2.1835593037569665E-003
   42.197802197802197        2.1346180897546625E-004   2.1835593037569665E-003
   42.277722277722276        2.1346180897546625E-004   2.1835593037569665E-003
   42.357642357642355        2.1346180897546625E-004   2.1835593037569665E-003
   42.437562437562434        2.1346180897546625E-004   2.1835593037569665E-003
   42.517482517482513        2.1346180897546625E-004   2.1835593037569665E-003
   42.597402597402599        2.1346180897546625E-004   2.1835593037569665E-003
   42.677322677322678        2.1346180897546625E-004   2.1835593037569665E-003
   42.757242757242757        2.1346180897546625E-004   2.1835593037569665E-003
   42.837162837162836        2.1346180897546625E-004   2.1835593037569665E-003
   42.917082917082915        2.1346180897546625E-004   2.1835593037569665E-003
   42.997002997002994        2.1346180897546625E-004   2.1835593037569665E-003
   43.076923076923073        2.1346180897546625E-004   2.1835593037569665E-003
   43.156843156843159        2.1346180897546625E-004   2.1835593037569665E-003
   43.236763236763238        2.1346180897546625E-004   2.1835593037569665E-003
   43.316683316683317        2.1346180897546625E-004   2.1835593037569665E-003
   43.396603396603396        2.1346180897546625E-004   2.1835593037569665E-003
   43.476523476523475        2.1346180897546625E-004   2.1835593037569665E-003
   43.556443556443554        2.1346180897546625E-004   2.1835593037569665E-003
   43.636363636363633        2.1346180897546625E-004   2.1835593037569665E-003
   43.716283716283712        2.1346180897546625E-004   2.1835593037569665E-003
   43.796203796203798        2.1346180897546625E-004   2.1835593037569665E-003
   43.876123876123877        2.1346180897546625E-004   2.1835593037569665E-003
   43.956043956043956        2.1346180897546625E-004   2.1835593037569665E-003
   44.035964035964035        2.1346180897546625E-004   2.1835593037569665E-003
   44.115884115884114        2.1346180897546625E-004   2.1835593037569665E-003
   44.195804195804193        2.1346180897546625E-004   2.1835593037569665E-003
   44.275724275724272        2.1346180897546625E-004   2.1835593037569665E-003
   44.355644355644351        2.1346180897546625E-004   2.1835593037569665E-003
   44.435564435564437        2.1346180897546625E-004   2.1835593037569665E-003
   44.515484515484516        2.1346180897546625E-004   2.1835593037569665E-003
   44.595404595404595        2.1346180897546625E-004   2.1835593037569665E-003
   44.675324675324674        2.1346180897546625E-004   2.1835593037569665E-003
   44.755244755244753        2.1346180897546625E-004   2.1835593037569665E-003
   44.835164835164832        2.1346180897546625E-004   2.1835593037569665E-003
   44.915084915084911        2.1346180897546625E-004   2.1835593037569665E-003
   44.995004995004997        2.1346180897546625E-004   2.1835593037569665E-003
   45.074925074925076        2.1346180897546625E-004   2.1835593037569665E-003
   45.154845154845155        2.1346180897546625E-004   2.1835593037569665E-003
   45.234765234765234        2.1346180897546625E-004   2.1835593037569665E-003
   45.314685314685313        2.1346180897546625E-004   2.1835593037569665E-003
   45.394605394605392        2.1346180897546625E-004   2.1835593037569665E-003
   45.474525474525471        2.1346180897546625E-004   2.1835593037569665E-003
   45.554445554445550        2.1346180897546625E-004   2.1835593037569665E-003
   45.634365634365636        2.1346180897546625E-004   2.1835593037569665E-003
   45.714285714285715        2.1346180897546625E-004   2.1835593037569665E-003
   45.794205794205794        2.1346180897546625E-004   2.1835593037569665E-003
   45.874125874125873        2.1346180897546625E-004   2.1835593037569665E-003
   45.954045954045952        2.1346180897546625E-004   2.1835593037569665E-003
   46.033966033966031        2.1346180897546625E-004   2.1835593037569665E-003
   46.113886113886110        2.1346180897546625E-004   2.1835593037569665E-003
   46.193806193806196        2.1346180897546625E-004   2.1835593037569665E-003
   46.273726273726275        2.1346180897546625E-004   2.1835593037569665E-003
   46.353646353646354        2.1346180897546625E-004   2.1835593037569665E-003
   46.433566433566433        2.1346180897546625E-004   2.1835593037569665E-003
   46.513486513486512        2.1346180897546625E-004   2.1835593037569665E-003
   46.593406593406591        2.1346180897546625E-004   2.1835593037569665E-003
   46.673326673326670        2.1346180897546625E-004   2.1835593037569665E-003
   46.753246753246749        2.1346180897546625E-004   2.1835593037569665E-003
   46.833166833166835        2.1346180897546625E-004   2.1835593037569665E-003
   46.913086913086914        2.1346180897546625E-004   2.1835593037569665E-003
   46.993006993006993        2.1346180897546625E-004   2.1835593037569665E-003
   47.072927072927072        2.1346180897546625E-004   2.1835593037569665E-003
   47.152847152847151        2.1346180897546625E-004   2.1835593037569665E-003
   47.232767232767230        2.1346180897546625E-004   2.1835593037569665E-003
   47.312687312687309        2.1346180897546625E-004   2.1835593037569665E-003
   47.392607392607388        2.1346180897546625E-004   2.1835593037569665E-003
   47.472527472527474        2.1346180897546625E-004   2.1835593037569665E-003
   47.552447552447553        2.1346180897546625E-004   2.1835593037569665E-003
   47.632367632367632        2.1346180897546625E-004   2.1835593037569665E-003
   47.712287712287711        2.1346180897546625E-004   2.1835593037569665E-003
   47.792207792207790        2.1346180897546625E-004   2.1835593037569665E-003
   47.872127872127869        2.1346180897546625E-004   2.1835593037569665E-003
   47.952047952047948        2.1346180897546625E-004   2.1835593037569665E-003
   48.031968031968034        2.1346180897546625E-004   2.1835593037569665E-003
   48.111888111888113        2.1346180897546625E-004   2.1835593037569665E-003
   48.191808191808192        2.1346180897546625E-004   2.1835593037569665E-003
   48.271728271728271        2.1346180897546625E-004   2.1835593037569665E-003
   48.351648351648350        2.1346180897546625E-004   2.1835593037569665E-003
   48.431568431568429        2.1346180897546625E-004   2.1835593037569665E-003
   48.511488511488508        2.1346180897546625E-004   2.1835593037569665E-003
   48.591408591408587        2.1346180897546625E-004   2.1835593037569665E-003
   48.671328671328673        2.1346180897546625E-004   2.1835593037569665E-003
   48.751248751248752        2.1346180897546625E-004   2.1835593037569665E-003
   48.831168831168831        2.1346180897546625E-004   2.1835593037569665E-003
   48.911088911088910        2.1346180897546625E-004   2.1835593037569665E-003
   48.991008991008989        2.1346180897546625E-004   2.1835593037569665E-003
   49.070929070929068        2.1346180897546625E-004   2.1835593037569665E-003
   49.150849150849147        2.1346180897546625E-004   2.1835593037569665E-003
   49.230769230769226        2.1346180897546625E-004   2.1835593037569665E-003
   49.310689310689312        2.1346180897546625E-004   2.1835593037569665E-003
   49.390609390609391        2.1346180897546625E-004   2.1835593037569665E-003
   49.470529470529470        2.1346180897546625E-004   2.1835593037569665E-003
   49.550449550449549        2.1346180897546625E-004   2.1835593037569665E-003
   49.630369630369628        2.1346180897546625E-004   2.1835593037569665E-003
   49.710289710289707        2.1346180897546625E-004   2.1835593037569665E-003
   49.790209790209786        2.1346180897546625E-004   2.1835593037569665E-003
   49.870129870129873        2.1346180897546625E-004   2.1835593037569665E-003
   49.950049950049952        2.1346180897546625E-004   2.1835593037569665E-003
   50.029970029970031        2.1346180897546625E-004   2.1835593037569665E-003
   50.109890109890109        2.1346180897546625E-004   2.1835593037569665E-003
   50.189810189810188        2.1346180897546625E-004   2.1835593037569665E-003
   50.269730269730267        2.1346180897546625E-004   2.1835593037569665E-003
   50.349650349650346        2.1346180897546625E-004   2.1835593037569665E-003
   50.429570429570425        2.1346180897546625E-004   2.1835593037569665E-003
   50.509490509490512        2.1346180897546625E-004   2.1835593037569665E-003
   50.589410589410591        2.1346180897546625E-004   2.1835593037569665E-003
   50.669330669330670        2.1346180897546625E-004   2.1835593037569665E-003
   50.749250749250749        2.1346180897546625E-004   2.1835593037569665E-003
   50.829170829170828        2.1346180897546625E-004   2.1835593037569665E-003
   50.909090909090907        2.1346180897546625E-004   2.1835593037569665E-003
   50.989010989010985        2.1346180897546625E-004   2.1835593037569665E-003
   51.068931068931064        2.1346180897546625E-004   2.1835593037569665E-003
   51.148851148851151        2.1346180897546625E-004   2.1835593037569665E-003
   51.228771228771230        2.1346180897546625E-004   2.1835593037569665E-003
   51.308691308691309        2.1346180897546625E-004   2.1835593037569665E-003
   51.388611388611388        2.1346180897546625E-004   2.1835593037569665E-003
   51.468531468531467        2.1346180897546625E-004   2.1835593037569665E-003
   51.548451548451546        2.1346180897546625E-004   2.1835593037569665E-003
   51.628371628371625        2.1346180897546625E-004   2.1835593037569665E-003
   51.708291708291711        2.1346180897546625E-004   2.1835593037569665E-003
   51.788211788211790        2.1346180897546625E-004   2.1835593037569665E-003
   51.868131868131869        2.1346180897546625E-004   2.1835593037569665E-003
   51.948051948051948        2.1346180897546625E-004   2.1835593037569665E-003
   52.027972027972027        2.1346180897546625E-004   2.1835593037569665E-003
   52.107892107892106        2.1346180897546625E-004   2.1835593037569665E-003
   52.187812187812185        2.1346180897546625E-004   2.1835593037569665E-003
   52.267732267732264        2.1346180897546625E-004   2.1835593037569665E-003
   52.347652347652350        2.1346180897546625E-004   2.1835593037569665E-003
   52.427572427572429        2.1346180897546625E-004   2.1835593037569665E-003
   52.507492507492508        2.1346180897546625E-004   2.1835593037569665E-003
   52.587412587412587        2.1346180897546625E-004   2.1835593037569665E-003
   52.667332667332666        2.1346180897546625E-004   2.1835593037569665E-003
   52.747252747252745        2.1346180897546625E-004   2.1835593037569665E-003
   52.827172827172824        2.1346180897546625E-004   2.1835593037569665E-003
   52.907092907092903        2.1346180897546625E-004   2.1835593037569665E-003
   52.987012987012989        2.1346180897546625E-004   2.1835593037569665E-003
   53.066933066933068        2.1346180897546625E-004   2.1835593037569665E-003
   53.146853146853147        2.1346180897546625E-004   2.1835593037569665E-003
   53.226773226773226        2.1346180897546625E-004   2.1835593037569665E-003
   53.306693306693305        2.1346180897546625E-004   2.1835593037569665E-003
   53.386613386613384        2.1346180897546625E-004   2.1835593037569665E-003
   53.466533466533463        2.1346180897546625E-004   2.1835593037569665E-003
   53.546453546453549        2.1346180897546625E-004   2.1835593037569665E-003
   53.626373626373628        2.1346180897546625E-004   2.1835593037569665E-003
   53.706293706293707        2.1346180897546625E-004   2.1835593037569665E-003
   53.786213786213786        2.1346180897546625E-004   2.1835593037569665E-003
   53.866133866133865        2.1346180897546625E-004   2.1835593037569665E-003
   53.946053946053944        2.1346180897546625E-004   2.1835593037569665E-003
   54.025974025974023        2.1346180897546625E-004   2.1835593037569665E-003
   54.105894105894102        2.1346180897546625E-004   2.1835593037569665E-003
   54.185814185814188        2.1346180897546625E-004   2.1835593037569665E-003
   54.265734265734267        2.1346180897546625E-004   2.1835593037569665E-003
   54.345654345654346        2.1346180897546625E-004   2.1835593037569665E-003
   54.425574425574425        2.1346180897546625E-004   2.1835593037569665E-003
   54.505494505494504        2.1346180897546625E-004   2.1835593037569665E-003
   54.585414585414583        2.1346180897546625E-004   2.1835593037569665E-003
   54.665334665334662        2.1346180897546625E-004   2.1835593037569665E-003
   54.745254745254748        2.1346180897546625E-004   2.1835593037569665E-003
   54.825174825174827        2.1346180897546625E-004   2.1835593037569665E-003
   54.905094905094906        2.1346180897546625E-004   2.1835593037569665E-003
   54.985014985014985        2.1346180897546625E-004   2.1835593037569665E-003
   55.064935064935064        2.1346180897546625E-004   2.1835593037569665E-003
   55.144855144855143        2.1346180897546625E-004   2.1835593037569665E-003
   55.224775224775222        2.1346180897546625E-004   2.1835593037569665E-003
   55.304695304695301        2.1346180897546625E-004   2.1835593037569665E-003
   55.384615384615387        2.1346180897546625E-004   2.1835593037569665E-003
   55.464535464535466        2.1346180897546625E-004   2.1835593037569665E-003
   55.544455544455545        2.1346180897546625E-004   2.1835593037569665E-003
   55.624375624375624        2.1346180897546625E-004   2.1835593037569665E-003
   55.704295704295703        2.1346180897546625E-004   2.1835593037569665E-003
   55.784215784215782        2.1346180897546625E-004   2.1835593037569665E-003
   55.864135864135861        2.1346180897546625E-004   2.1835593037569665E-003
   55.944055944055940        2.1346180897546625E-004   2.1835593037569665E-003
   56.023976023976026        2.1346180897546625E-004   2.1835593037569665E-003
   56.103896103896105        2.1346180897546625E-004   2.1835593037569665E-003
   56.183816183816184        2.1346180897546625E-004   2.1835593037569665E-003
   56.263736263736263        2.1346180897546625E-004   2.1835593037569665E-003
   56.343656343656342        2.1346180897546625E-004   2.1835593037569665E-003
   56.423576423576421        2.1346180897546625E-004   2.1835593037569665E-003
   56.503496503496500        2.1346180897546625E-004   2.1835593037569665E-003
   56.583416583416586        2.1346180897546625E-004   2.1835593037569665E-003
   56.663336663336665        2.1346180897546625E-004   2.1835593037569665E-003
   56.743256743256744        2.1346180897546625E-004   2.1835593037569665E-003
   56.823176823176823        2.1346180897546625E-004   2.1835593037569665E-003
   56.903096903096902        2.1346180897546625E-004   2.1835593037569665E-003
   56.983016983016981        2.1346180897546625E-004   2.1835593037569665E-003
   57.062937062937060        2.1346180897546625E-004   2.1835593037569665E-003
   57.142857142857139        2.1346180897546625E-004   2.1835593037569665E-003
   57.222777222777225        2.1346180897546625E-004   2.1835593037569665E-003
   57.302697302697304        2.1346180897546625E-004   2.1835593037569665E-003
   57.382617382617383        2.1346180897546625E-004   2.1835593037569665E-003
   57.462537462537462        2.1346180897546625E-004   2.1835593037569665E-003
   57.542457542457541        2.1346180897546625E-004   2.1835593037569665E-003
   57.622377622377620        2.1346180897546625E-004   2.1835593037569665E-003
   57.702297702297699        2.1346180897546625E-004   2.1835593037569665E-003
   57.782217782217778        2.1346180897546625E-004   2.1835593037569665E-003
   57.862137862137864        2.1346180897546625E-004   2.1835593037569665E-003
   57.942057942057943        2.1346180897546625E-004   2.1835593037569665E-003
   58.021978021978022        2.1346180897546625E-004   2.1835593037569665E-003
   58.101898101898101        2.1346180897546625E-004   2.1835593037569665E-003
   58.181818181818180        2.1346180897546625E-004   2.1835593037569665E-003
   58.261738261738259        2.1346180897546625E-004   2.1835593037569665E-003
   58.341658341658338        2.1346180897546625E-004   2.1835593037569665E-003
   58.421578421578424        2.1346180897546625E-004   2.1835593037569665E-003
   58.501498501498503        2.1346180897546625E-004   2.1835593037569665E-003
   58.581418581418582        2.1346180897546625E-004   2.1835593037569665E-003
   58.661338661338661        2.1346180897546625E-004   2.1835593037569665E-003
   58.741258741258740        2.1346180897546625E-004   2.1835593037569665E-003
   58.821178821178819        2.1346180897546625E-004   2.1835593037569665E-003
   58.901098901098898        2.1346180897546625E-004   2.1835593037569665E-003
   58.981018981018977        2.1346180897546625E-004   2.1835593037569665E-003
   59.060939060939063        2.1346180897546625E-004   2.1835593037569665E-003
   59.140859140859142        2.1346180897546625E-004   2.1835593037569665E-003
   59.220779220779221        2.1346180897546625E-004   2.1835593037569665E-003
   59.300699300699300        2.1346180897546625E-004   2.1835593037569665E-003
   59.380619380619379        2.1346180897546625E-004   2.1835593037569665E-003
   59.460539460539458        2.1346180897546625E-004   2.1835593037569665E-003
   59.540459540459537        2.1346180897546625E-004   2.1835593037569665E-003
   59.620379620379616        2.1346180897546625E-004   2.1835593037569665E-003
   59.700299700299702        2.1346180897546625E-004   2.1835593037569665E-003
   59.780219780219781        2.1346180897546625E-004   2.1835593037569665E-003
   59.860139860139860        2.1346180897546625E-004   2.1835593037569665E-003
   59.940059940059939        2.1346180897546625E-004   2.1835593037569665E-003
   60.019980019980018        2.1346180897546625E-004   2.1835593037569665E-003
   60.099900099900097        2.1346180897546625E-004   2.1835593037569665E-003
   60.179820179820176        2.1346180897546625E-004   2.1835593037569665E-003
   60.259740259740262        2.1346180897546625E-004   2.1835593037569665E-003
   60.339660339660341        2.1346180897546625E-004   2.1835593037569665E-003
   60.419580419580420        2.1346180897546625E-004   2.1835593037569665E-003
   60.499500499500499        2.1346180897546625E-004   2.1835593037569665E-003
   60.579420579420578        2.1346180897546625E-004   2.1835593037569665E-003
   60.659340659340657        2.1346180897546625E-004   2.1835593037569665E-003
   60.739260739260736        2.1346180897546625E-004   2.1835593037569665E-003
   60.819180819180815        2.1346180897546625E-004   2.1835593037569665E-003
   60.899100899100901        2.1346180897546625E-004   2.1835593037569665E-003
   60.979020979020980        2.1346180897546625E-004   2.1835593037569665E-003
   61.058941058941059        2.1346180897546625E-004   2.1835593037569665E-003
   61.138861138861138        2.1346180897546625E-004   2.1835593037569665E-003
   61.218781218781217        2.1346180897546625E-004   2.1835593037569665E-003
   61.298701298701296        2.1346180897546625E-004   2.1835593037569665E-003
   61.378621378621375        2.1346180897546625E-004   2.1835593037569665E-003
   61.458541458541454        2.1346180897546625E-004   2.1835593037569665E-003
   61.538461538461540        2.1346180897546625E-004   2.1835593037569665E-003
   61.618381618381619        2.1346180897546625E-004   2.1835593037569665E-003
   61.698301698301698        2.1346180897546625E-004   2.1835593037569665E-003
   61.778221778221777        2.1346180897546625E-004   2.1835593037569665E-003
   61.858141858141856        2.1346180897546625E-004   2.1835593037569665E-003
   61.938061938061935        2.1346180897546625E-004   2.1835593037569665E-003
   62.017982017982014        2.1346180897546625E-004   2.1835593037569665E-003
   62.097902097902100        2.1346180897546625E-004   2.1835593037569665E-003
   62.177822177822179        2.1346180897546625E-004   2.1835593037569665E-003
   62.257742257742258        2.1346180897546625E-004   2.1835593037569665E-003
   62.337662337662337        2.1346180897546625E-004   2.1835593037569665E-003
   62.417582417582416        2.1346180897546625E-004   2.1835593037569665E-003
   62.497502497502495        2.1346180897546625E-004   2.1835593037569665E-003
   62.577422577422574        2.1346180897546625E-004   2.1835593037569665E-003
   62.657342657342653        2.1346180897546625E-004   2.1835593037569665E-003
   62.737262737262739        2.1346180897546625E-004   2.1835593037569665E-003
   62.817182817182818        2.1346180897546625E-004   2.1835593037569665E-003
   62.897102897102897        2.1346180897546625E-004   2.1835593037569665E-003
   62.977022977022976        2.1346180897546625E-004   2.1835593037569665E-003
   63.056943056943055        2.1346180897546625E-004   2.1835593037569665E-003
   63.136863136863134        2.1346180897546625E-004   2.1835593037569665E-003
   63.216783216783213        2.1346180897546625E-004   2.1835593037569665E-003
   63.296703296703299        2.1346180897546625E-004   2.1835593037569665E-003
   63.376623376623378        2.1346180897546625E-004   2.1835593037569665E-003
   63.456543456543457        2.1346180897546625E-004   2.1835593037569665E-003
   63.536463536463536        2.1346180897546625E-004   2.1835593037569665E-003
   63.616383616383615        2.1346180897546625E-004   2.1835593037569665E-003
   63.696303696303694        2.1346180897546625E-004   2.1835593037569665E-003
   63.776223776223773        2.1346180897546625E-004   2.1835593037569665E-003
   63.856143856143852        2.1346180897546625E-004   2.1835593037569665E-003
   63.936063936063938        2.1346180897546625E-004   2.1835593037569665E-003
   64.015984015984017        2.1346180897546625E-004   2.1835593037569665E-003
   64.095904095904103        2.1346180897546625E-004   2.1835593037569665E-003
   64.175824175824175        2.1346180897546625E-004   2.1835593037569665E-003
   64.255744255744261        2.1346180897546625E-004   2.1835593037569665E-003
   64.335664335664347        2.1346180897546625E-004   2.1835593037569665E-003
   64.415584415584419        2.1346180897546625E-004   2.1835593037569665E-003
   64.495504495504505        2.1346180897546625E-004   2.1835593037569665E-003
   64.575424575424577        2.1346180897546625E-004   2.1835593037569665E-003
   64.655344655344663        2.1346180897546625E-004   2.1835593037569665E-003
   64.735264735264735        2.1346180897546625E-004   2.1835593037569665E-003
   64.815184815184821        2.1346180897546625E-004   2.1835593037569665E-003
   64.895104895104907        2.1346180897546625E-004   2.1835593037569665E-003
   64.975024975024979        2.1346180897546625E-004   2.1835593037569665E-003
   65.054945054945065        2.1346180897546625E-004   2.1835593037569665E-003
   65.134865134865137        2.1346180897546625E-004   2.1835593037569665E-003
   65.214785214785223        2.1346180897546625E-004   2.1835593037569665E-003
   65.294705294705295        2.1346180897546625E-004   2.1835593037569665E-003
   65.374625374625381        2.1346180897546625E-004   2.1835593037569665E-003
   65.454545454545467        2.1346180897546625E-004   2.1835593037569665E-003
   65.534465534465539        2.1346180897546625E-004   2.1835593037569665E-003
   65.614385614385625        2.1346180897546625E-004   2.1835593037569665E-003
   65.694305694305697        2.1346180897546625E-004   2.1835593037569665E-003
   65.774225774225783        2.1346180897546625E-004   2.1835593037569665E-003
   65.854145854145855        2.1346180897546625E-004   2.1835593037569665E-003
   65.934065934065941        2.1346180897546625E-004   2.1835593037569665E-003
   66.013986013986013        2.1346180897546625E-004   2.1835593037569665E-003
   66.093906093906099        2.1346180897546625E-004   2.1835593037569665E-003
   66.173826173826185        2.1346180897546625E-004   2.1835593037569665E-003
   66.253746253746257        2.1346180897546625E-004   2.1835593037569665E-003
   66.333666333666343        2.1346180897546625E-004   2.1835593037569665E-003
   66.413586413586415        2.1346180897546625E-004   2.1835593037569665E-003
   66.493506493506501        2.1346180897546625E-004   2.1835593037569665E-003
   66.573426573426573        2.1346180897546625E-004   2.1835593037569665E-003
   66.653346653346659        2.1346180897546625E-004   2.1835593037569665E-003
   66.733266733266746        2.1346180897546625E-004   2.1835593037569665E-003
   66.813186813186817        2.1346180897546625E-004   2.1835593037569665E-003
   66.893106893106903        2.1346180897546625E-004   2.1835593037569665E-003
   66.973026973026975        2.1346180897546625E-004   2.1835593037569665E-003
   67.052947052947061        2.1346180897546625E-004   2.1835593037569665E-003
   67.132867132867133        2.1346180897546625E-004   2.1835593037569665E-003
   67.212787212787219        2.1346180897546625E-004   2.1835593037569665E-003
   67.292707292707306        2.1346180897546625E-004   2.1835593037569665E-003
   67.372627372627377        2.1346180897546625E-004   2.1835593037569665E-003
   67.452547452547464        2.1346180897546625E-004   2.1835593037569665E-003
   67.532467532467535        2.1346180897546625E-004   2.1835593037569665E-003
   67.612387612387622        2.1346180897546625E-004   2.1835593037569665E-003
   67.692307692307693        2.1346180897546625E-004   2.1835593037569665E-003
   67.772227772227779        2.1346180897546625E-004   2.1835593037569665E-003
   67.852147852147851        2.1346180897546625E-004   2.1835593037569665E-003
   67.932067932067937        2.1346180897546625E-004   2.1835593037569665E-003
   68.011988011988024        2.1346180897546625E-004   2.1835593037569665E-003
   68.091908091908095        2.1346180897546625E-004   2.1835593037569665E-003
   68.171828171828182        2.1346180897546625E-004   2.1835593037569665E-003
   68.251748251748253        2.1346180897546625E-004   2.1835593037569665E-003
   68.331668331668340        2.1346180897546625E-004   2.1835593037569665E-003
   68.411588411588411        2.1346180897546625E-004   2.1835593037569665E-003
   68.491508491508498        2.1346180897546625E-004   2.1835593037569665E-003
   68.571428571428584        2.1346180897546625E-004   2.1835593037569665E-003
   68.651348651348655        2.1346180897546625E-004   2.1835593037569665E-003
   68.731268731268742        2.1346180897546625E-004   2.1835593037569665E-003
   68.811188811188813        2.1346180897546625E-004   2.1835593037569665E-003
   68.891108891108900        2.1346180897546625E-004   2.1835593037569665E-003
   68.971028971028971        2.1346180897546625E-004   2.1835593037569665E-003
   69.050949050949058        2.1346180897546625E-004   2.1835593037569665E-003
   69.130869130869144        2.1346180897546625E-004   2.1835593037569665E-003
   69.210789210789216        2.1346180897546625E-004   2.1835593037569665E-003
   69.290709290709302        2.1346180897546625E-004   2.1835593037569665E-003
   69.370629370629374        2.1346180897546625E-004   2.1835593037569665E-003
   69.450549450549460        2.1346180897546625E-004   2.1835593037569665E-003
   69.530469530469531        2.1346180897546625E-004   2.1835593037569665E-003
   69.610389610389618        2.1346180897546625E-004   2.1835593037569665E-003
   69.690309690309689        2.1346180897546625E-004   2.1835593037569665E-003
   69.770229770229776        2.1346180897546625E-004   2.1835593037569665E-003
   69.850149850149862        2.1346180897546625E-004   2.1835593037569665E-003
   69.930069930069934        2.1346180897546625E-004   2.1835593037569665E-003
   70.009990009990020        2.1346180897546625E-004   2.1835593037569665E-003
   70.089910089910092        2.1346180897546625E-004   2.1835593037569665E-003
   70.169830169830178        2.1346180897546625E-004   2.1835593037569665E-003
   70.249750249750250        2.1346180897546625E-004   2.1835593037569665E-003
   70.329670329670336        2.1346180897546625E-004   2.1835593037569665E-003
   70.409590409590422        2.1346180897546625E-004   2.1835593037569665E-003
   70.489510489510494        2.1346180897546625E-004   2.1835593037569665E-003
   70.569430569430580        2.1346180897546625E-004   2.1835593037569665E-003
   70.649350649350652        2.1346180897546625E-004   2.1835593037569665E-003
   70.729270729270738        2.1346180897546625E-004   2.1835593037569665E-003
   70.809190809190810        2.1346180897546625E-004   2.1835593037569665E-003
   70.889110889110896        2.1346180897546625E-004   2.1835593037569665E-003
   70.969030969030982        2.1346180897546625E-004   2.1835593037569665E-003
   71.048951048951054        2.1346180897546625E-004   2.1835593037569665E-003
   71.128871128871140        2.1346180897546625E-004   2.1835593037569665E-003
   71.208791208791212        2.1346180897546625E-004   2.1835593037569665E-003
   71.288711288711298        2.1346180897546625E-004   2.1835593037569665E-003
   71.368631368631370        2.1346180897546625E-004   2.1835593037569665E-003
   71.448551448551456        2.1346180897546625E-004   2.1835593037569665E-003
   71.528471528471528        2.1346180897546625E-004   2.1835593037569665E-003
   71.608391608391614        2.1346180897546625E-004   2.1835593037569665E-003
   71.688311688311700        2.1346180897546625E-004   2.1835593037569665E-003
   71.768231768231772        2.1346180897546625E-004   2.1835593037569665E-003
   71.848151848151858        2.1346180897546625E-004   2.1835593037569665E-003
   71.928071928071930        2.1346180897546625E-004   2.1835593037569665E-003
   72.007992007992016        2.1346180897546625E-004   2.1835593037569665E-003
   72.087912087912088        2.1346180897546625E-004   2.1835593037569665E-003
   72.167832167832174        2.1346180897546625E-004   2.1835593037569665E-003
   72.247752247752260        2.1346180897546625E-004   2.1835593037569665E-003
   72.327672327672332        2.1346180897546625E-004   2.1835593037569665E-003
   72.407592407592418        2.1346180897546625E-004   2.1835593037569665E-003
   72.487512487512490        2.1346180897546625E-004   2.1835593037569665E-003
   72.567432567432576        2.1346180897546625E-004   2.1835593037569665E-003
   72.647352647352648        2.1346180897546625E-004   2.1835593037569665E-003
   72.727272727272734        2.1346180897546625E-004   2.1835593037569665E-003
   72.807192807192820        2.1346180897546625E-004   2.1835593037569665E-003
   72.887112887112892        2.1346180897546625E-004   2.1835593037569665E-003
   72.967032967032978        2.1346180897546625E-004   2.1835593037569665E-003
   73.046953046953050        2.1346180897546625E-004   2.1835593037569665E-003
   73.126873126873136        2.1346180897546625E-004   2.1835593037569665E-003
   73.206793206793208        2.1346180897546625E-004   2.1835593037569665E-003
   73.286713286713294        2.1346180897546625E-004   2.1835593037569665E-003
   73.366633366633366        2.1346180897546625E-004   2.1835593037569665E-003
   73.446553446553452        2.1346180897546625E-004   2.1835593037569665E-003
   73.526473526473538        2.1346180897546625E-004   2.1835593037569665E-003
   73.606393606393610        2.1346180897546625E-004   2.1835593037569665E-003
   73.686313686313696        2.1346180897546625E-004   2.1835593037569665E-003
   73.766233766233768        2.1346180897546625E-004   2.1835593037569665E-003
   73.846153846153854        2.1346180897546625E-004   2.1835593037569665E-003
   73.926073926073926        2.1346180897546625E-004   2.1835593037569665E-003
   74.005994005994012        2.1346180897546625E-004   2.1835593037569665E-003
   74.085914085914098        2.1346180897546625E-004   2.1835593037569665E-003
   74.165834165834170        2.1346180897546625E-004   2.1835593037569665E-003
   74.245754245754256        2.1346180897546625E-004   2.1835593037569665E-003
   74.325674325674328        2.1346180897546625E-004   2.1835593037569665E-003
   74.405594405594414        2.1346180897546625E-004   2.1835593037569665E-003
   74.485514485514486        2.1346180897546625E-004   2.1835593037569665E-003
   74.565434565434572        2.1346180897546625E-004   2.1835593037569665E-003
   74.645354645354658        2.1346180897546625E-004   2.1835593037569665E-003
   74.725274725274730        2.1346180897546625E-004   2.1835593037569665E-003
   74.805194805194816        2.1346180897546625E-004   2.1835593037569665E-003
   74.885114885114888        2.1346180897546625E-004   2.1835593037569665E-003
   74.965034965034974        2.1346180897546625E-004   2.1835593037569665E-003
   75.044955044955046        2.1346180897546625E-004   2.1835593037569665E-003
   75.124875124875132        2.1346180897546625E-004   2.1835593037569665E-003
   75.204795204795218        2.1346180897546625E-004   2.1835593037569665E-003
   75.284715284715290        2.1346180897546625E-004   2.1835593037569665E-003
   75.364635364635376        2.1346180897546625E-004   2.1835593037569665E-003
   75.444555444555448        2.1346180897546625E-004   2.1835593037569665E-003
   75.524475524475534        2.1346180897546625E-004   2.1835593037569665E-003
   75.604395604395606        2.1346180897546625E-004   2.1835593037569665E-003
   75.684315684315692        2.1346180897546625E-004   2.1835593037569665E-003
   75.764235764235764        2.1346180897546625E-004   2.1835593037569665E-003
   75.844155844155850        2.1346180897546625E-004   2.1835593037569665E-003
   75.924075924075936        2.1346180897546625E-004   2.1835593037569665E-003
   76.003996003996008        2.1346180897546625E-004   2.1835593037569665E-003
   76.083916083916094        2.1346180897546625E-004   2.1835593037569665E-003
   76.163836163836166        2.1346180897546625E-004   2.1835593037569665E-003
   76.243756243756252        2.1346180897546625E-004   2.1835593037569665E-003
   76.323676323676324        2.1346180897546625E-004   2.1835593037569665E-003
   76.403596403596410        2.1346180897546625E-004   2.1835593037569665E-003
   76.483516483516496        2.1346180897546625E-004   2.1835593037569665E-003
   76.563436563436568        2.1346180897546625E-004   2.1835593037569665E-003
   76.643356643356654        2.1346180897546625E-004   2.1835593037569665E-003
   76.723276723276726        2.1346180897546625E-004   2.1835593037569665E-003
   76.803196803196812        2.1346180897546625E-004   2.1835593037569665E-003
   76.883116883116884        2.1346180897546625E-004   2.1835593037569665E-003
   76.963036963036970        2.1346180897546625E-004   2.1835593037569665E-003
   77.042957042957056        2.1346180897546625E-004   2.1835593037569665E-003
   77.122877122877128        2.1346180897546625E-004   2.1835593037569665E-003
   77.202797202797214        2.1346180897546625E-004   2.1835593037569665E-003
   77.282717282717286        2.1346180897546625E-004   2.1835593037569665E-003
   77.362637362637372        2.1346180897546625E-004   2.1835593037569665E-003
   77.442557442557444        2.1346180897546625E-004   2.1835593037569665E-003
   77.522477522477530        2.1346180897546625E-004   2.1835593037569665E-003
   77.602397602397602        2.1346180897546625E-004   2.1835593037569665E-003
   77.682317682317688        2.1346180897546625E-004   2.1835593037569665E-003
   77.762237762237774        2.1346180897546625E-004   2.1835593037569665E-003
   77.842157842157846        2.1346180897546625E-004   2.1835593037569665E-003
   77.922077922077932        2.1346180897546625E-004   2.1835593037569665E-003
   78.001998001998004        2.1346180897546625E-004   2.1835593037569665E-003
   78.081918081918090        2.1346180897546625E-004   2.1835593037569665E-003
   78.161838161838162        2.1346180897546625E-004   2.1835593037569665E-003
   78.241758241758248        2.1346180897546625E-004   2.1835593037569665E-003
   78.321678321678334        2.1346180897546625E-004   2.1835593037569665E-003
   78.401598401598406        2.1346180897546625E-004   2.1835593037569665E-003
   78.481518481518492        2.1346180897546625E-004   2.1835593037569665E-003
   78.561438561438564        2.1346180897546625E-004   2.1835593037569665E-003
   78.641358641358650        2.1346180897546625E-004   2.1835593037569665E-003
   78.721278721278722        2.1346180897546625E-004   2.1835593037569665E-003
   78.801198801198808        2.1346180897546625E-004   2.1835593037569665E-003
   78.881118881118894        2.1346180897546625E-004   2.1835593037569665E-003
   78.961038961038966        2.1346180897546625E-004   2.1835593037569665E-003
   79.040959040959052        2.1346180897546625E-004   2.1835593037569665E-003
   79.120879120879124        2.1346180897546625E-004   2.1835593037569665E-003
   79.200799200799210        2.1346180897546625E-004   2.1835593037569665E-003
   79.280719280719282        2.1346180897546625E-004   2.1835593037569665E-003
   79.360639360639368        2.1346180897546625E-004   2.1835593037569665E-003
   79.440559440559440        2.1346180897546625E-004   2.1835593037569665E-003
   79.520479520479526        2.1346180897546625E-004   2.1835593037569665E-003
   79.600399600399612        2.1346180897546625E-004   2.1835593037569665E-003
   79.680319680319684        2.1346180897546625E-004   2.1835593037569665E-003
   79.760239760239770        2.1346180897546625E-004   2.1835593037569665E-003
   79.840159840159842        2.1346180897546625E-004   2.1835593037569665E-003
   79.920079920079928        2.1346180897546625E-004   2.1835593037569665E-003
