 #        1000
   7.9920079920079920E-002   4.0000000000000002E-004   8.2938511490173492E-002
  0.15984015984015984        4.0000000000000002E-004   8.3468110454126138E-002
  0.23976023976023975       0.80000000000000004        6.6522287920719970E-004
  0.31968031968031968       0.80000000000000004        1.1948218431598432E-003
  0.39960039960039961       0.80000000000000004        1.7218965596063989E-003
  0.47952047952047955       0.80000000000000004        2.2448172209077219E-003
  0.55944055944055937       0.80000000000000004        2.7620309541045570E-003
  0.63936063936063936       0.80000000000000004        3.2720876220835057E-003
  0.71928071928071924       0.80000000000000004        3.7736611569534123E-003
  0.79920079920079912        4.0000000000000002E-004   4.2655657949059317E-003
  0.87912087912087911        4.0000000000000002E-004   4.7467669496401715E-003
  0.95904095904095898        4.0000000000000002E-004   5.2163868084979699E-003
   1.0389610389610389        4.0000000000000002E-004   5.6737050302040955E-003
   1.1188811188811187        4.0000000000000002E-004   6.1181551453174336E-003
   1.1988011988011988        4.0000000000000002E-004   6.5493174021013867E-003
   1.2787212787212787        4.0000000000000002E-004   6.9669088641848573E-003
   1.3586413586413586        4.0000000000000002E-004   7.3707715627274167E-003
   1.4385614385614385        4.0000000000000002E-004   7.7608594500681530E-003
   1.5184815184815184        4.0000000000000002E-004   8.1372248107879179E-003
   1.5984015984015985        4.0000000000000002E-004   8.5000046755922837E-003
   1.6783216783216783        4.0000000000000002E-004   8.8494076667838695E-003
   1.7582417582417582        4.0000000000000002E-004   9.1857015914658599E-003
   1.8381618381618381        4.0000000000000002E-004   9.5092019968205412E-003
   1.9180819180819180        4.0000000000000002E-004   9.8202618146972266E-003
   1.9980019980019978        4.0000000000000002E-004   1.0119262151809411E-002
   2.0779220779220782        4.0000000000000002E-004   1.0406604226843964E-002
   2.1578421578421576        4.0000000000000002E-004   1.0682702415368573E-002
   2.2377622377622379        4.0000000000000002E-004   1.0947978335615262E-002
   2.3176823176823178        4.0000000000000002E-004   1.1202855890808635E-002
   2.3976023976023977        4.0000000000000002E-004   1.1447757174515337E-002
   2.4775224775224776        4.0000000000000002E-004   1.1683099142520170E-002
   2.5574425574425574        4.0000000000000002E-004   1.1909290956260083E-002
   2.6373626373626373        4.0000000000000002E-004   1.2126731907445018E-002
   2.7172827172827172        4.0000000000000002E-004   1.2335809840031820E-002
   2.7972027972027971        4.0000000000000002E-004   1.2536899993326968E-002
   2.8771228771228770        4.0000000000000002E-004   1.2730364198034867E-002
   2.9570429570429568        4.0000000000000002E-004   1.2916550365087306E-002
   3.0369630369630367        4.0000000000000002E-004   1.3095792214780686E-002
   3.1168831168831170        4.0000000000000002E-004   1.3268409200919300E-002
   3.1968031968031969        4.0000000000000002E-004   1.3434706591208382E-002
   3.2767232767232768        4.0000000000000002E-004   1.3594975671014746E-002
   3.3566433566433567        4.0000000000000002E-004   1.3749494042812418E-002
   3.4365634365634365        4.0000000000000002E-004   1.3898525998181342E-002
   3.5164835164835164        4.0000000000000002E-004   1.4042322943171608E-002
   3.5964035964035963        4.0000000000000002E-004   1.4181123861236140E-002
   3.6763236763236762        4.0000000000000002E-004   1.4315155800827770E-002
   3.7562437562437561        4.0000000000000002E-004   1.4444634377209071E-002
   3.8361638361638359        4.0000000000000002E-004   1.4569764280089343E-002
   3.9160839160839158        4.0000000000000002E-004   1.4690739780434274E-002
   3.9960039960039961        4.0000000000000002E-004   1.4807745231236106E-002
   4.0759240759240765        4.0000000000000002E-004   1.4807745231236106E-002
   4.1558441558441555        4.0000000000000002E-004   1.4807745231236106E-002
   4.2357642357642353        4.0000000000000002E-004   1.4807745231236106E-002
   4.3156843156843152        4.0000000000000002E-004   1.4807745231236106E-002
   4.3956043956043960        4.0000000000000002E-004   1.4807745231236106E-002
   4.4755244755244759        4.0000000000000002E-004   1.4807745231236106E-002
   4.5554445554445557        4.0000000000000002E-004   1.4807745231236106E-002
   4.6353646353646356        4.0000000000000002E-004   1.4807745231236106E-002
   4.7152847152847155        4.0000000000000002E-004   1.4807745231236106E-002
   4.7952047952047954        4.0000000000000002E-004   1.4807745231236106E-002
   4.8751248751248752        4.0000000000000002E-004   1.4807745231236106E-002
   4.9550449550449551        4.0000000000000002E-004   1.4807745231236106E-002
   5.0349650349650350        4.0000000000000002E-004   1.4807745231236106E-002
   5.1148851148851149        4.0000000000000002E-004   1.4807745231236106E-002
   5.1948051948051948        4.0000000000000002E-004   1.4807745231236106E-002
   5.2747252747252746        4.0000000000000002E-004   1.4807745231236106E-002
   5.3546453546453545        4.0000000000000002E-004   1.4807745231236106E-002
   5.4345654345654344        4.0000000000000002E-004   1.4807745231236106E-002
   5.5144855144855143        4.0000000000000002E-004   1.4807745231236106E-002
   5.5944055944055942        4.0000000000000002E-004   1.4807745231236106E-002
   5.6743256743256740        4.0000000000000002E-004   1.4807745231236106E-002
   5.7542457542457539        4.0000000000000002E-004   1.4807745231236106E-002
   5.8341658341658338        4.0000000000000002E-004   1.4807745231236106E-002
   5.9140859140859137        4.0000000000000002E-004   1.4807745231236106E-002
   5.9940059940059935        4.0000000000000002E-004   1.4807745231236106E-002
   6.0739260739260743        4.0000000000000002E-004   1.4807745231236106E-002
   6.1538461538461542        4.0000000000000002E-004   1.4807745231236106E-002
   6.2337662337662341        4.0000000000000002E-004   1.4807745231236106E-002
   6.3136863136863139        4.0000000000000002E-004   1.4807745231236106E-002
   6.3936063936063938        4.0000000000000002E-004   1.4807745231236106E-002
   6.4735264735264737        4.0000000000000002E-004   1.4807745231236106E-002
   6.5534465534465536        4.0000000000000002E-004   1.4807745231236106E-002
   6.6333666333666335        4.0000000000000002E-004   1.4807745231236106E-002
   6.7132867132867133        4.0000000000000002E-004   1.4807745231236106E-002
   6.7932067932067932        4.0000000000000002E-004   1.4807745231236106E-002
   6.8731268731268731        4.0000000000000002E-004   1.4807745231236106E-002
   6.9530469530469530        4.0000000000000002E-004   1.4807745231236106E-002
   7.0329670329670328        4.0000000000000002E-004   1.4807745231236106E-002
   7.1128871128871127        4.0000000000000002E-004   1.4807745231236106E-002
   7.1928071928071926        4.0000000000000002E-004   1.4807745231236106E-002
   7.2727272727272725        4.0000000000000002E-004   1.4807745231236106E-002
   7.3526473526473524        4.0000000000000002E-004   1.4807745231236106E-002
   7.4325674325674322        4.0000000000000002E-004   1.4807745231236106E-002
   7.5124875124875121        4.0000000000000002E-004   1.4807745231236106E-002
   7.5924075924075920        4.0000000000000002E-004   1.4807745231236106E-002
   7.6723276723276719        4.0000000000000002E-004   1.4807745231236106E-002
   7.7522477522477518        4.0000000000000002E-004   1.4807745231236106E-002
   7.8321678321678325        4.0000000000000002E-004   1.4807745231236106E-002
   7.9120879120879124        4.0000000000000002E-004   1.4807745231236106E-002
   7.9920079920079923        4.0000000000000002E-004   1.4807745231236106E-002
   8.0719280719280722        4.0000000000000002E-004   1.4807745231236106E-002
   8.1518481518481529        4.0000000000000002E-004   1.4807745231236106E-002
   8.2317682317682319        4.0000000000000002E-004   1.4807745231236106E-002
   8.3116883116883127        4.0000000000000002E-004   1.4807745231236106E-002
   8.3916083916083917        4.0000000000000002E-004   1.4807745231236106E-002
   8.4715284715284724        4.0000000000000002E-004   1.4807745231236106E-002
   8.5514485514485514        4.0000000000000002E-004   1.4807745231236106E-002
   8.6313686313686322        4.0000000000000002E-004   1.4807745231236106E-002
   8.7112887112887130        4.0000000000000002E-004   1.4807745231236106E-002
   8.7912087912087920        4.0000000000000002E-004   1.4807745231236106E-002
   8.8711288711288727        4.0000000000000002E-004   1.4807745231236106E-002
   8.9510489510489517        4.0000000000000002E-004   1.4807745231236106E-002
   9.0309690309690325        4.0000000000000002E-004   1.4807745231236106E-002
   9.1108891108891115        4.0000000000000002E-004   1.4807745231236106E-002
   9.1908091908091922        4.0000000000000002E-004   1.4807745231236106E-002
   9.2707292707292712        4.0000000000000002E-004   1.4807745231236106E-002
   9.3506493506493520        4.0000000000000002E-004   1.4807745231236106E-002
   9.4305694305694310        4.0000000000000002E-004   1.4807745231236106E-002
   9.5104895104895117        4.0000000000000002E-004   1.4807745231236106E-002
   9.5904095904095907        4.0000000000000002E-004   1.4807745231236106E-002
   9.6703296703296715        4.0000000000000002E-004   1.4807745231236106E-002
   9.7502497502497505        4.0000000000000002E-004   1.4807745231236106E-002
   9.8301698301698313        4.0000000000000002E-004   1.4807745231236106E-002
   9.9100899100899102        4.0000000000000002E-004   1.4807745231236106E-002
   9.9900099900099910        4.0000000000000002E-004   1.4807745231236106E-002
   10.069930069930070        4.0000000000000002E-004   1.4807745231236106E-002
   10.149850149850151        4.0000000000000002E-004   1.4807745231236106E-002
   10.229770229770230        4.0000000000000002E-004   1.4807745231236106E-002
   10.309690309690311        4.0000000000000002E-004   1.4807745231236106E-002
   10.389610389610391        4.0000000000000002E-004   1.4807745231236106E-002
   10.469530469530470        4.0000000000000002E-004   1.4807745231236106E-002
   10.549450549450551        4.0000000000000002E-004   1.4807745231236106E-002
   10.629370629370630        4.0000000000000002E-004   1.4807745231236106E-002
   10.709290709290711        4.0000000000000002E-004   1.4807745231236106E-002
   10.789210789210790        4.0000000000000002E-004   1.4807745231236106E-002
   10.869130869130871        4.0000000000000002E-004   1.4807745231236106E-002
   10.949050949050950        4.0000000000000002E-004   1.4807745231236106E-002
   11.028971028971030        4.0000000000000002E-004   1.4807745231236106E-002
   11.108891108891109        4.0000000000000002E-004   1.4807745231236106E-002
   11.188811188811190        4.0000000000000002E-004   1.4807745231236106E-002
   11.268731268731269        4.0000000000000002E-004   1.4807745231236106E-002
   11.348651348651350        4.0000000000000002E-004   1.4807745231236106E-002
   11.428571428571429        4.0000000000000002E-004   1.4807745231236106E-002
   11.508491508491510        4.0000000000000002E-004   1.4807745231236106E-002
   11.588411588411589        4.0000000000000002E-004   1.4807745231236106E-002
   11.668331668331669        4.0000000000000002E-004   1.4807745231236106E-002
   11.748251748251748        4.0000000000000002E-004   1.4807745231236106E-002
   11.828171828171829        4.0000000000000002E-004   1.4807745231236106E-002
   11.908091908091908        4.0000000000000002E-004   1.4807745231236106E-002
   11.988011988011989        4.0000000000000002E-004   1.4807745231236106E-002
   12.067932067932070        4.0000000000000002E-004   1.4807745231236106E-002
   12.147852147852149        4.0000000000000002E-004   1.4807745231236106E-002
   12.227772227772229        4.0000000000000002E-004   1.4807745231236106E-002
   12.307692307692308        4.0000000000000002E-004   1.4807745231236106E-002
   12.387612387612389        4.0000000000000002E-004   1.4807745231236106E-002
   12.467532467532468        4.0000000000000002E-004   1.4807745231236106E-002
   12.547452547452549        4.0000000000000002E-004   1.4807745231236106E-002
   12.627372627372628        4.0000000000000002E-004   1.4807745231236106E-002
   12.707292707292709        4.0000000000000002E-004   1.4807745231236106E-002
   12.787212787212788        4.0000000000000002E-004   1.4807745231236106E-002
   12.867132867132868        4.0000000000000002E-004   1.4807745231236106E-002
   12.947052947052947        4.0000000000000002E-004   1.4807745231236106E-002
   13.026973026973028        4.0000000000000002E-004   1.4807745231236106E-002
   13.106893106893107        4.0000000000000002E-004   1.4807745231236106E-002
   13.186813186813188        4.0000000000000002E-004   1.4807745231236106E-002
   13.266733266733267        4.0000000000000002E-004   1.4807745231236106E-002
   13.346653346653348        4.0000000000000002E-004   1.4807745231236106E-002
   13.426573426573427        4.0000000000000002E-004   1.4807745231236106E-002
   13.506493506493507        4.0000000000000002E-004   1.4807745231236106E-002
   13.586413586413586        4.0000000000000002E-004   1.4807745231236106E-002
   13.666333666333667        4.0000000000000002E-004   1.4807745231236106E-002
   13.746253746253748        4.0000000000000002E-004   1.4807745231236106E-002
   13.826173826173827        4.0000000000000002E-004   1.4807745231236106E-002
   13.906093906093908        4.0000000000000002E-004   1.4807745231236106E-002
   13.986013986013987        4.0000000000000002E-004   1.4807745231236106E-002
   14.065934065934067        4.0000000000000002E-004   1.4807745231236106E-002
   14.145854145854146        4.0000000000000002E-004   1.4807745231236106E-002
   14.225774225774227        4.0000000000000002E-004   1.4807745231236106E-002
   14.305694305694306        4.0000000000000002E-004   1.4807745231236106E-002
   14.385614385614387        4.0000000000000002E-004   1.4807745231236106E-002
   14.465534465534466        4.0000000000000002E-004   1.4807745231236106E-002
   14.545454545454547        4.0000000000000002E-004   1.4807745231236106E-002
   14.625374625374626        4.0000000000000002E-004   1.4807745231236106E-002
   14.705294705294707        4.0000000000000002E-004   1.4807745231236106E-002
   14.785214785214785        4.0000000000000002E-004   1.4807745231236106E-002
   14.865134865134866        4.0000000000000002E-004   1.4807745231236106E-002
   14.945054945054945        4.0000000000000002E-004   1.4807745231236106E-002
   15.024975024975026        4.0000000000000002E-004   1.4807745231236106E-002
   15.104895104895105        4.0000000000000002E-004   1.4807745231236106E-002
   15.184815184815186        4.0000000000000002E-004   1.4807745231236106E-002
   15.264735264735265        4.0000000000000002E-004   1.4807745231236106E-002
   15.344655344655346        4.0000000000000002E-004   1.4807745231236106E-002
   15.424575424575425        4.0000000000000002E-004   1.4807745231236106E-002
   15.504495504495505        4.0000000000000002E-004   1.4807745231236106E-002
   15.584415584415586        4.0000000000000002E-004   1.4807745231236106E-002
   15.664335664335665        4.0000000000000002E-004   1.4807745231236106E-002
   15.744255744255746        4.0000000000000002E-004   1.4807745231236106E-002
   15.824175824175825        4.0000000000000002E-004   1.4807745231236106E-002
   15.904095904095906        4.0000000000000002E-004   1.4807745231236106E-002
   15.984015984015985        4.0000000000000002E-004   1.4807745231236106E-002
   16.063936063936065        4.0000000000000002E-004   1.4807745231236106E-002
   16.143856143856144        4.0000000000000002E-004   1.4807745231236106E-002
   16.223776223776223        4.0000000000000002E-004   1.4807745231236106E-002
   16.303696303696302        4.0000000000000002E-004   1.4807745231236106E-002
   16.383616383616381        4.0000000000000002E-004   1.4807745231236106E-002
   16.463536463536464        4.0000000000000002E-004   1.4807745231236106E-002
   16.543456543456543        4.0000000000000002E-004   1.4807745231236106E-002
   16.623376623376622        4.0000000000000002E-004   1.4807745231236106E-002
   16.703296703296701        4.0000000000000002E-004   1.4807745231236106E-002
   16.783216783216783        4.0000000000000002E-004   1.4807745231236106E-002
   16.863136863136862        4.0000000000000002E-004   1.4807745231236106E-002
   16.943056943056941        4.0000000000000002E-004   1.4807745231236106E-002
   17.022977022977020        4.0000000000000002E-004   1.4807745231236106E-002
   17.102897102897103        4.0000000000000002E-004   1.4807745231236106E-002
   17.182817182817182        4.0000000000000002E-004   1.4807745231236106E-002
   17.262737262737261        4.0000000000000002E-004   1.4807745231236106E-002
   17.342657342657343        4.0000000000000002E-004   1.4807745231236106E-002
   17.422577422577422        4.0000000000000002E-004   1.4807745231236106E-002
   17.502497502497501        4.0000000000000002E-004   1.4807745231236106E-002
   17.582417582417580        4.0000000000000002E-004   1.4807745231236106E-002
   17.662337662337663        4.0000000000000002E-004   1.4807745231236106E-002
   17.742257742257742        4.0000000000000002E-004   1.4807745231236106E-002
   17.822177822177821        4.0000000000000002E-004   1.4807745231236106E-002
   17.902097902097900        4.0000000000000002E-004   1.4807745231236106E-002
   17.982017982017982        4.0000000000000002E-004   1.4807745231236106E-002
   18.061938061938061        4.0000000000000002E-004   1.4807745231236106E-002
   18.141858141858140        4.0000000000000002E-004   1.4807745231236106E-002
   18.221778221778219        4.0000000000000002E-004   1.4807745231236106E-002
   18.301698301698302        4.0000000000000002E-004   1.4807745231236106E-002
   18.381618381618381        4.0000000000000002E-004   1.4807745231236106E-002
   18.461538461538460        4.0000000000000002E-004   1.4807745231236106E-002
   18.541458541458539        4.0000000000000002E-004   1.4807745231236106E-002
   18.621378621378621        4.0000000000000002E-004   1.4807745231236106E-002
   18.701298701298700        4.0000000000000002E-004   1.4807745231236106E-002
   18.781218781218779        4.0000000000000002E-004   1.4807745231236106E-002
   18.861138861138862        4.0000000000000002E-004   1.4807745231236106E-002
   18.941058941058941        4.0000000000000002E-004   1.4807745231236106E-002
   19.020979020979020        4.0000000000000002E-004   1.4807745231236106E-002
   19.100899100899099        4.0000000000000002E-004   1.4807745231236106E-002
   19.180819180819181        4.0000000000000002E-004   1.4807745231236106E-002
   19.260739260739260        4.0000000000000002E-004   1.4807745231236106E-002
   19.340659340659339        4.0000000000000002E-004   1.4807745231236106E-002
   19.420579420579418        4.0000000000000002E-004   1.4807745231236106E-002
   19.500499500499501        4.0000000000000002E-004   1.4807745231236106E-002
   19.580419580419580        4.0000000000000002E-004   1.4807745231236106E-002
   19.660339660339659        4.0000000000000002E-004   1.4807745231236106E-002
   19.740259740259738        4.0000000000000002E-004   1.4807745231236106E-002
   19.820179820179820        4.0000000000000002E-004   1.4807745231236106E-002
   19.900099900099899        4.0000000000000002E-004   1.4807745231236106E-002
   19.980019980019978        4.0000000000000002E-004   1.4807745231236106E-002
   20.059940059940057        4.0000000000000002E-004   1.4807745231236106E-002
   20.139860139860140        4.0000000000000002E-004   1.4807745231236106E-002
   20.219780219780219        4.0000000000000002E-004   1.4807745231236106E-002
   20.299700299700298        4.0000000000000002E-004   1.4807745231236106E-002
   20.379620379620377        4.0000000000000002E-004   1.4807745231236106E-002
   20.459540459540460        4.0000000000000002E-004   1.4807745231236106E-002
   20.539460539460539        4.0000000000000002E-004   1.4807745231236106E-002
   20.619380619380618        4.0000000000000002E-004   1.4807745231236106E-002
   20.699300699300700        4.0000000000000002E-004   1.4807745231236106E-002
   20.779220779220779        4.0000000000000002E-004   1.4807745231236106E-002
   20.859140859140858        4.0000000000000002E-004   1.4807745231236106E-002
   20.939060939060937        4.0000000000000002E-004   1.4807745231236106E-002
   21.018981018981020        4.0000000000000002E-004   1.4807745231236106E-002
   21.098901098901099        4.0000000000000002E-004   1.4807745231236106E-002
   21.178821178821178        4.0000000000000002E-004   1.4807745231236106E-002
   21.258741258741257        4.0000000000000002E-004   1.4807745231236106E-002
   21.338661338661339        4.0000000000000002E-004   1.4807745231236106E-002
   21.418581418581418        4.0000000000000002E-004   1.4807745231236106E-002
   21.498501498501497        4.0000000000000002E-004   1.4807745231236106E-002
   21.578421578421576        4.0000000000000002E-004   1.4807745231236106E-002
   21.658341658341659        4.0000000000000002E-004   1.4807745231236106E-002
   21.738261738261738        4.0000000000000002E-004   1.4807745231236106E-002
   21.818181818181817        4.0000000000000002E-004   1.4807745231236106E-002
   21.898101898101896        4.0000000000000002E-004   1.4807745231236106E-002
   21.978021978021978        4.0000000000000002E-004   1.4807745231236106E-002
   22.057942057942057        4.0000000000000002E-004   1.4807745231236106E-002
   22.137862137862136        4.0000000000000002E-004   1.4807745231236106E-002
   22.217782217782215        4.0000000000000002E-004   1.4807745231236106E-002
   22.297702297702298        4.0000000000000002E-004   1.4807745231236106E-002
   22.377622377622377        4.0000000000000002E-004   1.4807745231236106E-002
   22.457542457542456        4.0000000000000002E-004   1.4807745231236106E-002
   22.537462537462538        4.0000000000000002E-004   1.4807745231236106E-002
   22.617382617382617        4.0000000000000002E-004   1.4807745231236106E-002
   22.697302697302696        4.0000000000000002E-004   1.4807745231236106E-002
   22.777222777222775        4.0000000000000002E-004   1.4807745231236106E-002
   22.857142857142858        4.0000000000000002E-004   1.4807745231236106E-002
   22.937062937062937        4.0000000000000002E-004   1.4807745231236106E-002
   23.016983016983016        4.0000000000000002E-004   1.4807745231236106E-002
   23.096903096903095        4.0000000000000002E-004   1.4807745231236106E-002
   23.176823176823177        4.0000000000000002E-004   1.4807745231236106E-002
   23.256743256743256        4.0000000000000002E-004   1.4807745231236106E-002
   23.336663336663335        4.0000000000000002E-004   1.4807745231236106E-002
   23.416583416583414        4.0000000000000002E-004   1.4807745231236106E-002
   23.496503496503497        4.0000000000000002E-004   1.4807745231236106E-002
   23.576423576423576        4.0000000000000002E-004   1.4807745231236106E-002
   23.656343656343655        4.0000000000000002E-004   1.4807745231236106E-002
   23.736263736263734        4.0000000000000002E-004   1.4807745231236106E-002
   23.816183816183816        4.0000000000000002E-004   1.4807745231236106E-002
   23.896103896103895        4.0000000000000002E-004   1.4807745231236106E-002
   23.976023976023974        4.0000000000000002E-004   1.4807745231236106E-002
   24.055944055944057        4.0000000000000002E-004   1.4807745231236106E-002
   24.135864135864136        4.0000000000000002E-004   1.4807745231236106E-002
   24.215784215784215        4.0000000000000002E-004   1.4807745231236106E-002
   24.295704295704294        4.0000000000000002E-004   1.4807745231236106E-002
   24.375624375624376        4.0000000000000002E-004   1.4807745231236106E-002
   24.455544455544455        4.0000000000000002E-004   1.4807745231236106E-002
   24.535464535464534        4.0000000000000002E-004   1.4807745231236106E-002
   24.615384615384613        4.0000000000000002E-004   1.4807745231236106E-002
   24.695304695304696        4.0000000000000002E-004   1.4807745231236106E-002
   24.775224775224775        4.0000000000000002E-004   1.4807745231236106E-002
   24.855144855144854        4.0000000000000002E-004   1.4807745231236106E-002
   24.935064935064933        4.0000000000000002E-004   1.4807745231236106E-002
   25.014985014985015        4.0000000000000002E-004   1.4807745231236106E-002
   25.094905094905094        4.0000000000000002E-004   1.4807745231236106E-002
   25.174825174825173        4.0000000000000002E-004   1.4807745231236106E-002
   25.254745254745252        4.0000000000000002E-004   1.4807745231236106E-002
   25.334665334665335        4.0000000000000002E-004   1.4807745231236106E-002
   25.414585414585414        4.0000000000000002E-004   1.4807745231236106E-002
   25.494505494505493        4.0000000000000002E-004   1.4807745231236106E-002
   25.574425574425572        4.0000000000000002E-004   1.4807745231236106E-002
   25.654345654345654        4.0000000000000002E-004   1.4807745231236106E-002
   25.734265734265733        4.0000000000000002E-004   1.4807745231236106E-002
   25.814185814185812        4.0000000000000002E-004   1.4807745231236106E-002
   25.894105894105895        4.0000000000000002E-004   1.4807745231236106E-002
   25.974025974025974        4.0000000000000002E-004   1.4807745231236106E-002
   26.053946053946053        4.0000000000000002E-004   1.4807745231236106E-002
   26.133866133866132        4.0000000000000002E-004   1.4807745231236106E-002
   26.213786213786214        4.0000000000000002E-004   1.4807745231236106E-002
   26.293706293706293        4.0000000000000002E-004   1.4807745231236106E-002
   26.373626373626372        4.0000000000000002E-004   1.4807745231236106E-002
   26.453546453546451        4.0000000000000002E-004   1.4807745231236106E-002
   26.533466533466534        4.0000000000000002E-004   1.4807745231236106E-002
   26.613386613386613        4.0000000000000002E-004   1.4807745231236106E-002
   26.693306693306692        4.0000000000000002E-004   1.4807745231236106E-002
   26.773226773226771        4.0000000000000002E-004   1.4807745231236106E-002
   26.853146853146853        4.0000000000000002E-004   1.4807745231236106E-002
   26.933066933066932        4.0000000000000002E-004   1.4807745231236106E-002
   27.012987012987011        4.0000000000000002E-004   1.4807745231236106E-002
   27.092907092907090        4.0000000000000002E-004   1.4807745231236106E-002
   27.172827172827173        4.0000000000000002E-004   1.4807745231236106E-002
   27.252747252747252        4.0000000000000002E-004   1.4807745231236106E-002
   27.332667332667331        4.0000000000000002E-004   1.4807745231236106E-002
   27.412587412587413        4.0000000000000002E-004   1.4807745231236106E-002
   27.492507492507492        4.0000000000000002E-004   1.4807745231236106E-002
   27.572427572427571        4.0000000000000002E-004   1.4807745231236106E-002
   27.652347652347650        4.0000000000000002E-004   1.4807745231236106E-002
   27.732267732267733        4.0000000000000002E-004   1.4807745231236106E-002
   27.812187812187812        4.0000000000000002E-004   1.4807745231236106E-002
   27.892107892107891        4.0000000000000002E-004   1.4807745231236106E-002
   27.972027972027970        4.0000000000000002E-004   1.4807745231236106E-002
   28.051948051948052        4.0000000000000002E-004   1.4807745231236106E-002
   28.131868131868131        4.0000000000000002E-004   1.4807745231236106E-002
   28.211788211788210        4.0000000000000002E-004   1.4807745231236106E-002
   28.291708291708289        4.0000000000000002E-004   1.4807745231236106E-002
   28.371628371628372        4.0000000000000002E-004   1.4807745231236106E-002
   28.451548451548451        4.0000000000000002E-004   1.4807745231236106E-002
   28.531468531468530        4.0000000000000002E-004   1.4807745231236106E-002
   28.611388611388609        4.0000000000000002E-004   1.4807745231236106E-002
   28.691308691308691        4.0000000000000002E-004   1.4807745231236106E-002
   28.771228771228770        4.0000000000000002E-004   1.4807745231236106E-002
   28.851148851148849        4.0000000000000002E-004   1.4807745231236106E-002
   28.931068931068928        4.0000000000000002E-004   1.4807745231236106E-002
   29.010989010989011        4.0000000000000002E-004   1.4807745231236106E-002
   29.090909090909090        4.0000000000000002E-004   1.4807745231236106E-002
   29.170829170829169        4.0000000000000002E-004   1.4807745231236106E-002
   29.250749250749251        4.0000000000000002E-004   1.4807745231236106E-002
   29.330669330669330        4.0000000000000002E-004   1.4807745231236106E-002
   29.410589410589409        4.0000000000000002E-004   1.4807745231236106E-002
   29.490509490509488        4.0000000000000002E-004   1.4807745231236106E-002
   29.570429570429571        4.0000000000000002E-004   1.4807745231236106E-002
   29.650349650349650        4.0000000000000002E-004   1.4807745231236106E-002
   29.730269730269729        4.0000000000000002E-004   1.4807745231236106E-002
   29.810189810189808        4.0000000000000002E-004   1.4807745231236106E-002
   29.890109890109891        4.0000000000000002E-004   1.4807745231236106E-002
   29.970029970029969        4.0000000000000002E-004   1.4807745231236106E-002
   30.049950049950048        4.0000000000000002E-004   1.4807745231236106E-002
   30.129870129870127        4.0000000000000002E-004   1.4807745231236106E-002
   30.209790209790210        4.0000000000000002E-004   1.4807745231236106E-002
   30.289710289710289        4.0000000000000002E-004   1.4807745231236106E-002
   30.369630369630368        4.0000000000000002E-004   1.4807745231236106E-002
   30.449550449550447        4.0000000000000002E-004   1.4807745231236106E-002
   30.529470529470530        4.0000000000000002E-004   1.4807745231236106E-002
   30.609390609390609        4.0000000000000002E-004   1.4807745231236106E-002
   30.689310689310688        4.0000000000000002E-004   1.4807745231236106E-002
   30.769230769230766        4.0000000000000002E-004   1.4807745231236106E-002
   30.849150849150849        4.0000000000000002E-004   1.4807745231236106E-002
   30.929070929070928        4.0000000000000002E-004   1.4807745231236106E-002
   31.008991008991007        4.0000000000000002E-004   1.4807745231236106E-002
   31.088911088911090        4.0000000000000002E-004   1.4807745231236106E-002
   31.168831168831169        4.0000000000000002E-004   1.4807745231236106E-002
   31.248751248751248        4.0000000000000002E-004   1.4807745231236106E-002
   31.328671328671327        4.0000000000000002E-004   1.4807745231236106E-002
   31.408591408591409        4.0000000000000002E-004   1.4807745231236106E-002
   31.488511488511488        4.0000000000000002E-004   1.4807745231236106E-002
   31.568431568431567        4.0000000000000002E-004   1.4807745231236106E-002
   31.648351648351646        4.0000000000000002E-004   1.4807745231236106E-002
   31.728271728271729        4.0000000000000002E-004   1.4807745231236106E-002
   31.808191808191808        4.0000000000000002E-004   1.4807745231236106E-002
   31.888111888111887        4.0000000000000002E-004   1.4807745231236106E-002
   31.968031968031966        4.0000000000000002E-004   1.4807745231236106E-002
   32.047952047952052        4.0000000000000002E-004   1.4807745231236106E-002
   32.127872127872124        4.0000000000000002E-004   1.4807745231236106E-002
   32.207792207792210        4.0000000000000002E-004   1.4807745231236106E-002
   32.287712287712289        4.0000000000000002E-004   1.4807745231236106E-002
   32.367632367632368        4.0000000000000002E-004   1.4807745231236106E-002
   32.447552447552447        4.0000000000000002E-004   1.4807745231236106E-002
   32.527472527472526        4.0000000000000002E-004   1.4807745231236106E-002
   32.607392607392605        4.0000000000000002E-004   1.4807745231236106E-002
   32.687312687312684        4.0000000000000002E-004   1.4807745231236106E-002
   32.767232767232770        4.0000000000000002E-004   1.4807745231236106E-002
   32.847152847152849        4.0000000000000002E-004   1.4807745231236106E-002
   32.927072927072928        4.0000000000000002E-004   1.4807745231236106E-002
   33.006993006993007        4.0000000000000002E-004   1.4807745231236106E-002
   33.086913086913086        4.0000000000000002E-004   1.4807745231236106E-002
   33.166833166833165        4.0000000000000002E-004   1.4807745231236106E-002
   33.246753246753244        4.0000000000000002E-004   1.4807745231236106E-002
   33.326673326673323        4.0000000000000002E-004   1.4807745231236106E-002
   33.406593406593409        4.0000000000000002E-004   1.4807745231236106E-002
   33.486513486513488        4.0000000000000002E-004   1.4807745231236106E-002
   33.566433566433567        4.0000000000000002E-004   1.4807745231236106E-002
   33.646353646353646        4.0000000000000002E-004   1.4807745231236106E-002
   33.726273726273725        4.0000000000000002E-004   1.4807745231236106E-002
   33.806193806193804        4.0000000000000002E-004   1.4807745231236106E-002
   33.886113886113883        4.0000000000000002E-004   1.4807745231236106E-002
   33.966033966033962        4.0000000000000002E-004   1.4807745231236106E-002
   34.045954045954048        4.0000000000000002E-004   1.4807745231236106E-002
   34.125874125874127        4.0000000000000002E-004   1.4807745231236106E-002
   34.205794205794206        4.0000000000000002E-004   1.4807745231236106E-002
   34.285714285714285        4.0000000000000002E-004   1.4807745231236106E-002
   34.365634365634364        4.0000000000000002E-004   1.4807745231236106E-002
   34.445554445554443        4.0000000000000002E-004   1.4807745231236106E-002
   34.525474525474522        4.0000000000000002E-004   1.4807745231236106E-002
   34.605394605394608        4.0000000000000002E-004   1.4807745231236106E-002
   34.685314685314687        4.0000000000000002E-004   1.4807745231236106E-002
   34.765234765234766        4.0000000000000002E-004   1.4807745231236106E-002
   34.845154845154845        4.0000000000000002E-004   1.4807745231236106E-002
   34.925074925074924        4.0000000000000002E-004   1.4807745231236106E-002
   35.004995004995003        4.0000000000000002E-004   1.4807745231236106E-002
   35.084915084915082        4.0000000000000002E-004   1.4807745231236106E-002
   35.164835164835161        4.0000000000000002E-004   1.4807745231236106E-002
   35.244755244755247        4.0000000000000002E-004   1.4807745231236106E-002
   35.324675324675326        4.0000000000000002E-004   1.4807745231236106E-002
   35.404595404595405        4.0000000000000002E-004   1.4807745231236106E-002
   35.484515484515484        4.0000000000000002E-004   1.4807745231236106E-002
   35.564435564435563        4.0000000000000002E-004   1.4807745231236106E-002
   35.644355644355642        4.0000000000000002E-004   1.4807745231236106E-002
   35.724275724275721        4.0000000000000002E-004   1.4807745231236106E-002
   35.804195804195800        4.0000000000000002E-004   1.4807745231236106E-002
   35.884115884115886        4.0000000000000002E-004   1.4807745231236106E-002
   35.964035964035965        4.0000000000000002E-004   1.4807745231236106E-002
   36.043956043956044        4.0000000000000002E-004   1.4807745231236106E-002
   36.123876123876123        4.0000000000000002E-004   1.4807745231236106E-002
   36.203796203796202        4.0000000000000002E-004   1.4807745231236106E-002
   36.283716283716281        4.0000000000000002E-004   1.4807745231236106E-002
   36.363636363636360        4.0000000000000002E-004   1.4807745231236106E-002
   36.443556443556446        4.0000000000000002E-004   1.4807745231236106E-002
   36.523476523476525        4.0000000000000002E-004   1.4807745231236106E-002
   36.603396603396604        4.0000000000000002E-004   1.4807745231236106E-002
   36.683316683316683        4.0000000000000002E-004   1.4807745231236106E-002
   36.763236763236762        4.0000000000000002E-004   1.4807745231236106E-002
   36.843156843156841        4.0000000000000002E-004   1.4807745231236106E-002
   36.923076923076920        4.0000000000000002E-004   1.4807745231236106E-002
   37.002997002996999        4.0000000000000002E-004   1.4807745231236106E-002
   37.082917082917085        4.0000000000000002E-004   1.4807745231236106E-002
   37.162837162837164        4.0000000000000002E-004   1.4807745231236106E-002
   37.242757242757243        4.0000000000000002E-004   1.4807745231236106E-002
   37.322677322677322        4.0000000000000002E-004   1.4807745231236106E-002
   37.402597402597401        4.0000000000000002E-004   1.4807745231236106E-002
   37.482517482517480        4.0000000000000002E-004   1.4807745231236106E-002
   37.562437562437559        4.0000000000000002E-004   1.4807745231236106E-002
   37.642357642357645        4.0000000000000002E-004   1.4807745231236106E-002
   37.722277722277724        4.0000000000000002E-004   1.4807745231236106E-002
   37.802197802197803        4.0000000000000002E-004   1.4807745231236106E-002
   37.882117882117882        4.0000000000000002E-004   1.4807745231236106E-002
   37.962037962037961        4.0000000000000002E-004   1.4807745231236106E-002
   38.041958041958040        4.0000000000000002E-004   1.4807745231236106E-002
   38.121878121878119        4.0000000000000002E-004   1.4807745231236106E-002
   38.201798201798198        4.0000000000000002E-004   1.4807745231236106E-002
   38.281718281718284        4.0000000000000002E-004   1.4807745231236106E-002
   38.361638361638363        4.0000000000000002E-004   1.4807745231236106E-002
   38.441558441558442        4.0000000000000002E-004   1.4807745231236106E-002
   38.521478521478521        4.0000000000000002E-004   1.4807745231236106E-002
   38.601398601398600        4.0000000000000002E-004   1.4807745231236106E-002
   38.681318681318679        4.0000000000000002E-004   1.4807745231236106E-002
   38.761238761238758        4.0000000000000002E-004   1.4807745231236106E-002
   38.841158841158837        4.0000000000000002E-004   1.4807745231236106E-002
   38.921078921078923        4.0000000000000002E-004   1.4807745231236106E-002
   39.000999000999002        4.0000000000000002E-004   1.4807745231236106E-002
   39.080919080919081        4.0000000000000002E-004   1.4807745231236106E-002
   39.160839160839160        4.0000000000000002E-004   1.4807745231236106E-002
   39.240759240759239        4.0000000000000002E-004   1.4807745231236106E-002
   39.320679320679318        4.0000000000000002E-004   1.4807745231236106E-002
   39.400599400599397        4.0000000000000002E-004   1.4807745231236106E-002
   39.480519480519483        4.0000000000000002E-004   1.4807745231236106E-002
   39.560439560439562        4.0000000000000002E-004   1.4807745231236106E-002
   39.640359640359641        4.0000000000000002E-004   1.4807745231236106E-002
   39.720279720279720        4.0000000000000002E-004   1.4807745231236106E-002
   39.800199800199799        4.0000000000000002E-004   1.4807745231236106E-002
   39.880119880119878        4.0000000000000002E-004   1.4807745231236106E-002
   39.960039960039957        4.0000000000000002E-004   1.4807745231236106E-002
   40.039960039960036        4.0000000000000002E-004   1.4807745231236106E-002
   40.119880119880122        4.0000000000000002E-004   1.4807745231236106E-002
   40.199800199800201        4.0000000000000002E-004   1.4807745231236106E-002
   40.279720279720280        4.0000000000000002E-004   1.4807745231236106E-002
   40.359640359640359        4.0000000000000002E-004   1.4807745231236106E-002
   40.439560439560438        4.0000000000000002E-004   1.4807745231236106E-002
   40.519480519480517        4.0000000000000002E-004   1.4807745231236106E-002
   40.599400599400596        4.0000000000000002E-004   1.4807745231236106E-002
   40.679320679320675        4.0000000000000002E-004   1.4807745231236106E-002
   40.759240759240761        4.0000000000000002E-004   1.4807745231236106E-002
   40.839160839160840        4.0000000000000002E-004   1.4807745231236106E-002
   40.919080919080919        4.0000000000000002E-004   1.4807745231236106E-002
   40.999000999000998        4.0000000000000002E-004   1.4807745231236106E-002
   41.078921078921077        4.0000000000000002E-004   1.4807745231236106E-002
   41.158841158841156        4.0000000000000002E-004   1.4807745231236106E-002
   41.238761238761235        4.0000000000000002E-004   1.4807745231236106E-002
   41.318681318681321        4.0000000000000002E-004   1.4807745231236106E-002
   41.398601398601400        4.0000000000000002E-004   1.4807745231236106E-002
   41.478521478521479        4.0000000000000002E-004   1.4807745231236106E-002
   41.558441558441558        4.0000000000000002E-004   1.4807745231236106E-002
   41.638361638361637        4.0000000000000002E-004   1.4807745231236106E-002
   41.718281718281716        4.0000000000000002E-004   1.4807745231236106E-002
   41.798201798201795        4.0000000000000002E-004   1.4807745231236106E-002
   41.878121878121874        4.0000000000000002E-004   1.4807745231236106E-002
   41.958041958041960        4.0000000000000002E-004   1.4807745231236106E-002
   42.037962037962039        4.0000000000000002E-004   1.4807745231236106E-002
   42.117882117882118        4.0000000000000002E-004   1.4807745231236106E-002
   42.197802197802197        4.0000000000000002E-004   1.4807745231236106E-002
   42.277722277722276        4.0000000000000002E-004   1.4807745231236106E-002
   42.357642357642355        4.0000000000000002E-004   1.4807745231236106E-002
   42.437562437562434        4.0000000000000002E-004   1.4807745231236106E-002
   42.517482517482513        4.0000000000000002E-004   1.4807745231236106E-002
   42.597402597402599        4.0000000000000002E-004   1.4807745231236106E-002
   42.677322677322678        4.0000000000000002E-004   1.4807745231236106E-002
   42.757242757242757        4.0000000000000002E-004   1.4807745231236106E-002
   42.837162837162836        4.0000000000000002E-004   1.4807745231236106E-002
   42.917082917082915        4.0000000000000002E-004   1.4807745231236106E-002
   42.997002997002994        4.0000000000000002E-004   1.4807745231236106E-002
   43.076923076923073        4.0000000000000002E-004   1.4807745231236106E-002
   43.156843156843159        4.0000000000000002E-004   1.4807745231236106E-002
   43.236763236763238        4.0000000000000002E-004   1.4807745231236106E-002
   43.316683316683317        4.0000000000000002E-004   1.4807745231236106E-002
   43.396603396603396        4.0000000000000002E-004   1.4807745231236106E-002
   43.476523476523475        4.0000000000000002E-004   1.4807745231236106E-002
   43.556443556443554        4.0000000000000002E-004   1.4807745231236106E-002
   43.636363636363633        4.0000000000000002E-004   1.4807745231236106E-002
   43.716283716283712        4.0000000000000002E-004   1.4807745231236106E-002
   43.796203796203798        4.0000000000000002E-004   1.4807745231236106E-002
   43.876123876123877        4.0000000000000002E-004   1.4807745231236106E-002
   43.956043956043956        4.0000000000000002E-004   1.4807745231236106E-002
   44.035964035964035        4.0000000000000002E-004   1.4807745231236106E-002
   44.115884115884114        4.0000000000000002E-004   1.4807745231236106E-002
   44.195804195804193        4.0000000000000002E-004   1.4807745231236106E-002
   44.275724275724272        4.0000000000000002E-004   1.4807745231236106E-002
   44.355644355644351        4.0000000000000002E-004   1.4807745231236106E-002
   44.435564435564437        4.0000000000000002E-004   1.4807745231236106E-002
   44.515484515484516        4.0000000000000002E-004   1.4807745231236106E-002
   44.595404595404595        4.0000000000000002E-004   1.4807745231236106E-002
   44.675324675324674        4.0000000000000002E-004   1.4807745231236106E-002
   44.755244755244753        4.0000000000000002E-004   1.4807745231236106E-002
   44.835164835164832        4.0000000000000002E-004   1.4807745231236106E-002
   44.915084915084911        4.0000000000000002E-004   1.4807745231236106E-002
   44.995004995004997        4.0000000000000002E-004   1.4807745231236106E-002
   45.074925074925076        4.0000000000000002E-004   1.4807745231236106E-002
   45.154845154845155        4.0000000000000002E-004   1.4807745231236106E-002
   45.234765234765234        4.0000000000000002E-004   1.4807745231236106E-002
   45.314685314685313        4.0000000000000002E-004   1.4807745231236106E-002
   45.394605394605392        4.0000000000000002E-004   1.4807745231236106E-002
   45.474525474525471        4.0000000000000002E-004   1.4807745231236106E-002
   45.554445554445550        4.0000000000000002E-004   1.4807745231236106E-002
   45.634365634365636        4.0000000000000002E-004   1.4807745231236106E-002
   45.714285714285715        4.0000000000000002E-004   1.4807745231236106E-002
   45.794205794205794        4.0000000000000002E-004   1.4807745231236106E-002
   45.874125874125873        4.0000000000000002E-004   1.4807745231236106E-002
   45.954045954045952        4.0000000000000002E-004   1.4807745231236106E-002
   46.033966033966031        4.0000000000000002E-004   1.4807745231236106E-002
   46.113886113886110        4.0000000000000002E-004   1.4807745231236106E-002
   46.193806193806196        4.0000000000000002E-004   1.4807745231236106E-002
   46.273726273726275        4.0000000000000002E-004   1.4807745231236106E-002
   46.353646353646354        4.0000000000000002E-004   1.4807745231236106E-002
   46.433566433566433        4.0000000000000002E-004   1.4807745231236106E-002
   46.513486513486512        4.0000000000000002E-004   1.4807745231236106E-002
   46.593406593406591        4.0000000000000002E-004   1.4807745231236106E-002
   46.673326673326670        4.0000000000000002E-004   1.4807745231236106E-002
   46.753246753246749        4.0000000000000002E-004   1.4807745231236106E-002
   46.833166833166835        4.0000000000000002E-004   1.4807745231236106E-002
   46.913086913086914        4.0000000000000002E-004   1.4807745231236106E-002
   46.993006993006993        4.0000000000000002E-004   1.4807745231236106E-002
   47.072927072927072        4.0000000000000002E-004   1.4807745231236106E-002
   47.152847152847151        4.0000000000000002E-004   1.4807745231236106E-002
   47.232767232767230        4.0000000000000002E-004   1.4807745231236106E-002
   47.312687312687309        4.0000000000000002E-004   1.4807745231236106E-002
   47.392607392607388        4.0000000000000002E-004   1.4807745231236106E-002
   47.472527472527474        4.0000000000000002E-004   1.4807745231236106E-002
   47.552447552447553        4.0000000000000002E-004   1.4807745231236106E-002
   47.632367632367632        4.0000000000000002E-004   1.4807745231236106E-002
   47.712287712287711        4.0000000000000002E-004   1.4807745231236106E-002
   47.792207792207790        4.0000000000000002E-004   1.4807745231236106E-002
   47.872127872127869        4.0000000000000002E-004   1.4807745231236106E-002
   47.952047952047948        4.0000000000000002E-004   1.4807745231236106E-002
   48.031968031968034        4.0000000000000002E-004   1.4807745231236106E-002
   48.111888111888113        4.0000000000000002E-004   1.4807745231236106E-002
   48.191808191808192        4.0000000000000002E-004   1.4807745231236106E-002
   48.271728271728271        4.0000000000000002E-004   1.4807745231236106E-002
   48.351648351648350        4.0000000000000002E-004   1.4807745231236106E-002
   48.431568431568429        4.0000000000000002E-004   1.4807745231236106E-002
   48.511488511488508        4.0000000000000002E-004   1.4807745231236106E-002
   48.591408591408587        4.0000000000000002E-004   1.4807745231236106E-002
   48.671328671328673        4.0000000000000002E-004   1.4807745231236106E-002
   48.751248751248752        4.0000000000000002E-004   1.4807745231236106E-002
   48.831168831168831        4.0000000000000002E-004   1.4807745231236106E-002
   48.911088911088910        4.0000000000000002E-004   1.4807745231236106E-002
   48.991008991008989        4.0000000000000002E-004   1.4807745231236106E-002
   49.070929070929068        4.0000000000000002E-004   1.4807745231236106E-002
   49.150849150849147        4.0000000000000002E-004   1.4807745231236106E-002
   49.230769230769226        4.0000000000000002E-004   1.4807745231236106E-002
   49.310689310689312        4.0000000000000002E-004   1.4807745231236106E-002
   49.390609390609391        4.0000000000000002E-004   1.4807745231236106E-002
   49.470529470529470        4.0000000000000002E-004   1.4807745231236106E-002
   49.550449550449549        4.0000000000000002E-004   1.4807745231236106E-002
   49.630369630369628        4.0000000000000002E-004   1.4807745231236106E-002
   49.710289710289707        4.0000000000000002E-004   1.4807745231236106E-002
   49.790209790209786        4.0000000000000002E-004   1.4807745231236106E-002
   49.870129870129873        4.0000000000000002E-004   1.4807745231236106E-002
   49.950049950049952        4.0000000000000002E-004   1.4807745231236106E-002
   50.029970029970031        4.0000000000000002E-004   1.4807745231236106E-002
   50.109890109890109        4.0000000000000002E-004   1.4807745231236106E-002
   50.189810189810188        4.0000000000000002E-004   1.4807745231236106E-002
   50.269730269730267        4.0000000000000002E-004   1.4807745231236106E-002
   50.349650349650346        4.0000000000000002E-004   1.4807745231236106E-002
   50.429570429570425        4.0000000000000002E-004   1.4807745231236106E-002
   50.509490509490512        4.0000000000000002E-004   1.4807745231236106E-002
   50.589410589410591        4.0000000000000002E-004   1.4807745231236106E-002
   50.669330669330670        4.0000000000000002E-004   1.4807745231236106E-002
   50.749250749250749        4.0000000000000002E-004   1.4807745231236106E-002
   50.829170829170828        4.0000000000000002E-004   1.4807745231236106E-002
   50.909090909090907        4.0000000000000002E-004   1.4807745231236106E-002
   50.989010989010985        4.0000000000000002E-004   1.4807745231236106E-002
   51.068931068931064        4.0000000000000002E-004   1.4807745231236106E-002
   51.148851148851151        4.0000000000000002E-004   1.4807745231236106E-002
   51.228771228771230        4.0000000000000002E-004   1.4807745231236106E-002
   51.308691308691309        4.0000000000000002E-004   1.4807745231236106E-002
   51.388611388611388        4.0000000000000002E-004   1.4807745231236106E-002
   51.468531468531467        4.0000000000000002E-004   1.4807745231236106E-002
   51.548451548451546        4.0000000000000002E-004   1.4807745231236106E-002
   51.628371628371625        4.0000000000000002E-004   1.4807745231236106E-002
   51.708291708291711        4.0000000000000002E-004   1.4807745231236106E-002
   51.788211788211790        4.0000000000000002E-004   1.4807745231236106E-002
   51.868131868131869        4.0000000000000002E-004   1.4807745231236106E-002
   51.948051948051948        4.0000000000000002E-004   1.4807745231236106E-002
   52.027972027972027        4.0000000000000002E-004   1.4807745231236106E-002
   52.107892107892106        4.0000000000000002E-004   1.4807745231236106E-002
   52.187812187812185        4.0000000000000002E-004   1.4807745231236106E-002
   52.267732267732264        4.0000000000000002E-004   1.4807745231236106E-002
   52.347652347652350        4.0000000000000002E-004   1.4807745231236106E-002
   52.427572427572429        4.0000000000000002E-004   1.4807745231236106E-002
   52.507492507492508        4.0000000000000002E-004   1.4807745231236106E-002
   52.587412587412587        4.0000000000000002E-004   1.4807745231236106E-002
   52.667332667332666        4.0000000000000002E-004   1.4807745231236106E-002
   52.747252747252745        4.0000000000000002E-004   1.4807745231236106E-002
   52.827172827172824        4.0000000000000002E-004   1.4807745231236106E-002
   52.907092907092903        4.0000000000000002E-004   1.4807745231236106E-002
   52.987012987012989        4.0000000000000002E-004   1.4807745231236106E-002
   53.066933066933068        4.0000000000000002E-004   1.4807745231236106E-002
   53.146853146853147        4.0000000000000002E-004   1.4807745231236106E-002
   53.226773226773226        4.0000000000000002E-004   1.4807745231236106E-002
   53.306693306693305        4.0000000000000002E-004   1.4807745231236106E-002
   53.386613386613384        4.0000000000000002E-004   1.4807745231236106E-002
   53.466533466533463        4.0000000000000002E-004   1.4807745231236106E-002
   53.546453546453549        4.0000000000000002E-004   1.4807745231236106E-002
   53.626373626373628        4.0000000000000002E-004   1.4807745231236106E-002
   53.706293706293707        4.0000000000000002E-004   1.4807745231236106E-002
   53.786213786213786        4.0000000000000002E-004   1.4807745231236106E-002
   53.866133866133865        4.0000000000000002E-004   1.4807745231236106E-002
   53.946053946053944        4.0000000000000002E-004   1.4807745231236106E-002
   54.025974025974023        4.0000000000000002E-004   1.4807745231236106E-002
   54.105894105894102        4.0000000000000002E-004   1.4807745231236106E-002
   54.185814185814188        4.0000000000000002E-004   1.4807745231236106E-002
   54.265734265734267        4.0000000000000002E-004   1.4807745231236106E-002
   54.345654345654346        4.0000000000000002E-004   1.4807745231236106E-002
   54.425574425574425        4.0000000000000002E-004   1.4807745231236106E-002
   54.505494505494504        4.0000000000000002E-004   1.4807745231236106E-002
   54.585414585414583        4.0000000000000002E-004   1.4807745231236106E-002
   54.665334665334662        4.0000000000000002E-004   1.4807745231236106E-002
   54.745254745254748        4.0000000000000002E-004   1.4807745231236106E-002
   54.825174825174827        4.0000000000000002E-004   1.4807745231236106E-002
   54.905094905094906        4.0000000000000002E-004   1.4807745231236106E-002
   54.985014985014985        4.0000000000000002E-004   1.4807745231236106E-002
   55.064935064935064        4.0000000000000002E-004   1.4807745231236106E-002
   55.144855144855143        4.0000000000000002E-004   1.4807745231236106E-002
   55.224775224775222        4.0000000000000002E-004   1.4807745231236106E-002
   55.304695304695301        4.0000000000000002E-004   1.4807745231236106E-002
   55.384615384615387        4.0000000000000002E-004   1.4807745231236106E-002
   55.464535464535466        4.0000000000000002E-004   1.4807745231236106E-002
   55.544455544455545        4.0000000000000002E-004   1.4807745231236106E-002
   55.624375624375624        4.0000000000000002E-004   1.4807745231236106E-002
   55.704295704295703        4.0000000000000002E-004   1.4807745231236106E-002
   55.784215784215782        4.0000000000000002E-004   1.4807745231236106E-002
   55.864135864135861        4.0000000000000002E-004   1.4807745231236106E-002
   55.944055944055940        4.0000000000000002E-004   1.4807745231236106E-002
   56.023976023976026        4.0000000000000002E-004   1.4807745231236106E-002
   56.103896103896105        4.0000000000000002E-004   1.4807745231236106E-002
   56.183816183816184        4.0000000000000002E-004   1.4807745231236106E-002
   56.263736263736263        4.0000000000000002E-004   1.4807745231236106E-002
   56.343656343656342        4.0000000000000002E-004   1.4807745231236106E-002
   56.423576423576421        4.0000000000000002E-004   1.4807745231236106E-002
   56.503496503496500        4.0000000000000002E-004   1.4807745231236106E-002
   56.583416583416586        4.0000000000000002E-004   1.4807745231236106E-002
   56.663336663336665        4.0000000000000002E-004   1.4807745231236106E-002
   56.743256743256744        4.0000000000000002E-004   1.4807745231236106E-002
   56.823176823176823        4.0000000000000002E-004   1.4807745231236106E-002
   56.903096903096902        4.0000000000000002E-004   1.4807745231236106E-002
   56.983016983016981        4.0000000000000002E-004   1.4807745231236106E-002
   57.062937062937060        4.0000000000000002E-004   1.4807745231236106E-002
   57.142857142857139        4.0000000000000002E-004   1.4807745231236106E-002
   57.222777222777225        4.0000000000000002E-004   1.4807745231236106E-002
   57.302697302697304        4.0000000000000002E-004   1.4807745231236106E-002
   57.382617382617383        4.0000000000000002E-004   1.4807745231236106E-002
   57.462537462537462        4.0000000000000002E-004   1.4807745231236106E-002
   57.542457542457541        4.0000000000000002E-004   1.4807745231236106E-002
   57.622377622377620        4.0000000000000002E-004   1.4807745231236106E-002
   57.702297702297699        4.0000000000000002E-004   1.4807745231236106E-002
   57.782217782217778        4.0000000000000002E-004   1.4807745231236106E-002
   57.862137862137864        4.0000000000000002E-004   1.4807745231236106E-002
   57.942057942057943        4.0000000000000002E-004   1.4807745231236106E-002
   58.021978021978022        4.0000000000000002E-004   1.4807745231236106E-002
   58.101898101898101        4.0000000000000002E-004   1.4807745231236106E-002
   58.181818181818180        4.0000000000000002E-004   1.4807745231236106E-002
   58.261738261738259        4.0000000000000002E-004   1.4807745231236106E-002
   58.341658341658338        4.0000000000000002E-004   1.4807745231236106E-002
   58.421578421578424        4.0000000000000002E-004   1.4807745231236106E-002
   58.501498501498503        4.0000000000000002E-004   1.4807745231236106E-002
   58.581418581418582        4.0000000000000002E-004   1.4807745231236106E-002
   58.661338661338661        4.0000000000000002E-004   1.4807745231236106E-002
   58.741258741258740        4.0000000000000002E-004   1.4807745231236106E-002
   58.821178821178819        4.0000000000000002E-004   1.4807745231236106E-002
   58.901098901098898        4.0000000000000002E-004   1.4807745231236106E-002
   58.981018981018977        4.0000000000000002E-004   1.4807745231236106E-002
   59.060939060939063        4.0000000000000002E-004   1.4807745231236106E-002
   59.140859140859142        4.0000000000000002E-004   1.4807745231236106E-002
   59.220779220779221        4.0000000000000002E-004   1.4807745231236106E-002
   59.300699300699300        4.0000000000000002E-004   1.4807745231236106E-002
   59.380619380619379        4.0000000000000002E-004   1.4807745231236106E-002
   59.460539460539458        4.0000000000000002E-004   1.4807745231236106E-002
   59.540459540459537        4.0000000000000002E-004   1.4807745231236106E-002
   59.620379620379616        4.0000000000000002E-004   1.4807745231236106E-002
   59.700299700299702        4.0000000000000002E-004   1.4807745231236106E-002
   59.780219780219781        4.0000000000000002E-004   1.4807745231236106E-002
   59.860139860139860        4.0000000000000002E-004   1.4807745231236106E-002
   59.940059940059939        4.0000000000000002E-004   1.4807745231236106E-002
   60.019980019980018        4.0000000000000002E-004   1.4807745231236106E-002
   60.099900099900097        4.0000000000000002E-004   1.4807745231236106E-002
   60.179820179820176        4.0000000000000002E-004   1.4807745231236106E-002
   60.259740259740262        4.0000000000000002E-004   1.4807745231236106E-002
   60.339660339660341        4.0000000000000002E-004   1.4807745231236106E-002
   60.419580419580420        4.0000000000000002E-004   1.4807745231236106E-002
   60.499500499500499        4.0000000000000002E-004   1.4807745231236106E-002
   60.579420579420578        4.0000000000000002E-004   1.4807745231236106E-002
   60.659340659340657        4.0000000000000002E-004   1.4807745231236106E-002
   60.739260739260736        4.0000000000000002E-004   1.4807745231236106E-002
   60.819180819180815        4.0000000000000002E-004   1.4807745231236106E-002
   60.899100899100901        4.0000000000000002E-004   1.4807745231236106E-002
   60.979020979020980        4.0000000000000002E-004   1.4807745231236106E-002
   61.058941058941059        4.0000000000000002E-004   1.4807745231236106E-002
   61.138861138861138        4.0000000000000002E-004   1.4807745231236106E-002
   61.218781218781217        4.0000000000000002E-004   1.4807745231236106E-002
   61.298701298701296        4.0000000000000002E-004   1.4807745231236106E-002
   61.378621378621375        4.0000000000000002E-004   1.4807745231236106E-002
   61.458541458541454        4.0000000000000002E-004   1.4807745231236106E-002
   61.538461538461540        4.0000000000000002E-004   1.4807745231236106E-002
   61.618381618381619        4.0000000000000002E-004   1.4807745231236106E-002
   61.698301698301698        4.0000000000000002E-004   1.4807745231236106E-002
   61.778221778221777        4.0000000000000002E-004   1.4807745231236106E-002
   61.858141858141856        4.0000000000000002E-004   1.4807745231236106E-002
   61.938061938061935        4.0000000000000002E-004   1.4807745231236106E-002
   62.017982017982014        4.0000000000000002E-004   1.4807745231236106E-002
   62.097902097902100        4.0000000000000002E-004   1.4807745231236106E-002
   62.177822177822179        4.0000000000000002E-004   1.4807745231236106E-002
   62.257742257742258        4.0000000000000002E-004   1.4807745231236106E-002
   62.337662337662337        4.0000000000000002E-004   1.4807745231236106E-002
   62.417582417582416        4.0000000000000002E-004   1.4807745231236106E-002
   62.497502497502495        4.0000000000000002E-004   1.4807745231236106E-002
   62.577422577422574        4.0000000000000002E-004   1.4807745231236106E-002
   62.657342657342653        4.0000000000000002E-004   1.4807745231236106E-002
   62.737262737262739        4.0000000000000002E-004   1.4807745231236106E-002
   62.817182817182818        4.0000000000000002E-004   1.4807745231236106E-002
   62.897102897102897        4.0000000000000002E-004   1.4807745231236106E-002
   62.977022977022976        4.0000000000000002E-004   1.4807745231236106E-002
   63.056943056943055        4.0000000000000002E-004   1.4807745231236106E-002
   63.136863136863134        4.0000000000000002E-004   1.4807745231236106E-002
   63.216783216783213        4.0000000000000002E-004   1.4807745231236106E-002
   63.296703296703299        4.0000000000000002E-004   1.4807745231236106E-002
   63.376623376623378        4.0000000000000002E-004   1.4807745231236106E-002
   63.456543456543457        4.0000000000000002E-004   1.4807745231236106E-002
   63.536463536463536        4.0000000000000002E-004   1.4807745231236106E-002
   63.616383616383615        4.0000000000000002E-004   1.4807745231236106E-002
   63.696303696303694        4.0000000000000002E-004   1.4807745231236106E-002
   63.776223776223773        4.0000000000000002E-004   1.4807745231236106E-002
   63.856143856143852        4.0000000000000002E-004   1.4807745231236106E-002
   63.936063936063938        4.0000000000000002E-004   1.4807745231236106E-002
   64.015984015984017        4.0000000000000002E-004   1.4807745231236106E-002
   64.095904095904103        4.0000000000000002E-004   1.4807745231236106E-002
   64.175824175824175        4.0000000000000002E-004   1.4807745231236106E-002
   64.255744255744261        4.0000000000000002E-004   1.4807745231236106E-002
   64.335664335664347        4.0000000000000002E-004   1.4807745231236106E-002
   64.415584415584419        4.0000000000000002E-004   1.4807745231236106E-002
   64.495504495504505        4.0000000000000002E-004   1.4807745231236106E-002
   64.575424575424577        4.0000000000000002E-004   1.4807745231236106E-002
   64.655344655344663        4.0000000000000002E-004   1.4807745231236106E-002
   64.735264735264735        4.0000000000000002E-004   1.4807745231236106E-002
   64.815184815184821        4.0000000000000002E-004   1.4807745231236106E-002
   64.895104895104907        4.0000000000000002E-004   1.4807745231236106E-002
   64.975024975024979        4.0000000000000002E-004   1.4807745231236106E-002
   65.054945054945065        4.0000000000000002E-004   1.4807745231236106E-002
   65.134865134865137        4.0000000000000002E-004   1.4807745231236106E-002
   65.214785214785223        4.0000000000000002E-004   1.4807745231236106E-002
   65.294705294705295        4.0000000000000002E-004   1.4807745231236106E-002
   65.374625374625381        4.0000000000000002E-004   1.4807745231236106E-002
   65.454545454545467        4.0000000000000002E-004   1.4807745231236106E-002
   65.534465534465539        4.0000000000000002E-004   1.4807745231236106E-002
   65.614385614385625        4.0000000000000002E-004   1.4807745231236106E-002
   65.694305694305697        4.0000000000000002E-004   1.4807745231236106E-002
   65.774225774225783        4.0000000000000002E-004   1.4807745231236106E-002
   65.854145854145855        4.0000000000000002E-004   1.4807745231236106E-002
   65.934065934065941        4.0000000000000002E-004   1.4807745231236106E-002
   66.013986013986013        4.0000000000000002E-004   1.4807745231236106E-002
   66.093906093906099        4.0000000000000002E-004   1.4807745231236106E-002
   66.173826173826185        4.0000000000000002E-004   1.4807745231236106E-002
   66.253746253746257        4.0000000000000002E-004   1.4807745231236106E-002
   66.333666333666343        4.0000000000000002E-004   1.4807745231236106E-002
   66.413586413586415        4.0000000000000002E-004   1.4807745231236106E-002
   66.493506493506501        4.0000000000000002E-004   1.4807745231236106E-002
   66.573426573426573        4.0000000000000002E-004   1.4807745231236106E-002
   66.653346653346659        4.0000000000000002E-004   1.4807745231236106E-002
   66.733266733266746        4.0000000000000002E-004   1.4807745231236106E-002
   66.813186813186817        4.0000000000000002E-004   1.4807745231236106E-002
   66.893106893106903        4.0000000000000002E-004   1.4807745231236106E-002
   66.973026973026975        4.0000000000000002E-004   1.4807745231236106E-002
   67.052947052947061        4.0000000000000002E-004   1.4807745231236106E-002
   67.132867132867133        4.0000000000000002E-004   1.4807745231236106E-002
   67.212787212787219        4.0000000000000002E-004   1.4807745231236106E-002
   67.292707292707306        4.0000000000000002E-004   1.4807745231236106E-002
   67.372627372627377        4.0000000000000002E-004   1.4807745231236106E-002
   67.452547452547464        4.0000000000000002E-004   1.4807745231236106E-002
   67.532467532467535        4.0000000000000002E-004   1.4807745231236106E-002
   67.612387612387622        4.0000000000000002E-004   1.4807745231236106E-002
   67.692307692307693        4.0000000000000002E-004   1.4807745231236106E-002
   67.772227772227779        4.0000000000000002E-004   1.4807745231236106E-002
   67.852147852147851        4.0000000000000002E-004   1.4807745231236106E-002
   67.932067932067937        4.0000000000000002E-004   1.4807745231236106E-002
   68.011988011988024        4.0000000000000002E-004   1.4807745231236106E-002
   68.091908091908095        4.0000000000000002E-004   1.4807745231236106E-002
   68.171828171828182        4.0000000000000002E-004   1.4807745231236106E-002
   68.251748251748253        4.0000000000000002E-004   1.4807745231236106E-002
   68.331668331668340        4.0000000000000002E-004   1.4807745231236106E-002
   68.411588411588411        4.0000000000000002E-004   1.4807745231236106E-002
   68.491508491508498        4.0000000000000002E-004   1.4807745231236106E-002
   68.571428571428584        4.0000000000000002E-004   1.4807745231236106E-002
   68.651348651348655        4.0000000000000002E-004   1.4807745231236106E-002
   68.731268731268742        4.0000000000000002E-004   1.4807745231236106E-002
   68.811188811188813        4.0000000000000002E-004   1.4807745231236106E-002
   68.891108891108900        4.0000000000000002E-004   1.4807745231236106E-002
   68.971028971028971        4.0000000000000002E-004   1.4807745231236106E-002
   69.050949050949058        4.0000000000000002E-004   1.4807745231236106E-002
   69.130869130869144        4.0000000000000002E-004   1.4807745231236106E-002
   69.210789210789216        4.0000000000000002E-004   1.4807745231236106E-002
   69.290709290709302        4.0000000000000002E-004   1.4807745231236106E-002
   69.370629370629374        4.0000000000000002E-004   1.4807745231236106E-002
   69.450549450549460        4.0000000000000002E-004   1.4807745231236106E-002
   69.530469530469531        4.0000000000000002E-004   1.4807745231236106E-002
   69.610389610389618        4.0000000000000002E-004   1.4807745231236106E-002
   69.690309690309689        4.0000000000000002E-004   1.4807745231236106E-002
   69.770229770229776        4.0000000000000002E-004   1.4807745231236106E-002
   69.850149850149862        4.0000000000000002E-004   1.4807745231236106E-002
   69.930069930069934        4.0000000000000002E-004   1.4807745231236106E-002
   70.009990009990020        4.0000000000000002E-004   1.4807745231236106E-002
   70.089910089910092        4.0000000000000002E-004   1.4807745231236106E-002
   70.169830169830178        4.0000000000000002E-004   1.4807745231236106E-002
   70.249750249750250        4.0000000000000002E-004   1.4807745231236106E-002
   70.329670329670336        4.0000000000000002E-004   1.4807745231236106E-002
   70.409590409590422        4.0000000000000002E-004   1.4807745231236106E-002
   70.489510489510494        4.0000000000000002E-004   1.4807745231236106E-002
   70.569430569430580        4.0000000000000002E-004   1.4807745231236106E-002
   70.649350649350652        4.0000000000000002E-004   1.4807745231236106E-002
   70.729270729270738        4.0000000000000002E-004   1.4807745231236106E-002
   70.809190809190810        4.0000000000000002E-004   1.4807745231236106E-002
   70.889110889110896        4.0000000000000002E-004   1.4807745231236106E-002
   70.969030969030982        4.0000000000000002E-004   1.4807745231236106E-002
   71.048951048951054        4.0000000000000002E-004   1.4807745231236106E-002
   71.128871128871140        4.0000000000000002E-004   1.4807745231236106E-002
   71.208791208791212        4.0000000000000002E-004   1.4807745231236106E-002
   71.288711288711298        4.0000000000000002E-004   1.4807745231236106E-002
   71.368631368631370        4.0000000000000002E-004   1.4807745231236106E-002
   71.448551448551456        4.0000000000000002E-004   1.4807745231236106E-002
   71.528471528471528        4.0000000000000002E-004   1.4807745231236106E-002
   71.608391608391614        4.0000000000000002E-004   1.4807745231236106E-002
   71.688311688311700        4.0000000000000002E-004   1.4807745231236106E-002
   71.768231768231772        4.0000000000000002E-004   1.4807745231236106E-002
   71.848151848151858        4.0000000000000002E-004   1.4807745231236106E-002
   71.928071928071930        4.0000000000000002E-004   1.4807745231236106E-002
   72.007992007992016        4.0000000000000002E-004   1.4807745231236106E-002
   72.087912087912088        4.0000000000000002E-004   1.4807745231236106E-002
   72.167832167832174        4.0000000000000002E-004   1.4807745231236106E-002
   72.247752247752260        4.0000000000000002E-004   1.4807745231236106E-002
   72.327672327672332        4.0000000000000002E-004   1.4807745231236106E-002
   72.407592407592418        4.0000000000000002E-004   1.4807745231236106E-002
   72.487512487512490        4.0000000000000002E-004   1.4807745231236106E-002
   72.567432567432576        4.0000000000000002E-004   1.4807745231236106E-002
   72.647352647352648        4.0000000000000002E-004   1.4807745231236106E-002
   72.727272727272734        4.0000000000000002E-004   1.4807745231236106E-002
   72.807192807192820        4.0000000000000002E-004   1.4807745231236106E-002
   72.887112887112892        4.0000000000000002E-004   1.4807745231236106E-002
   72.967032967032978        4.0000000000000002E-004   1.4807745231236106E-002
   73.046953046953050        4.0000000000000002E-004   1.4807745231236106E-002
   73.126873126873136        4.0000000000000002E-004   1.4807745231236106E-002
   73.206793206793208        4.0000000000000002E-004   1.4807745231236106E-002
   73.286713286713294        4.0000000000000002E-004   1.4807745231236106E-002
   73.366633366633366        4.0000000000000002E-004   1.4807745231236106E-002
   73.446553446553452        4.0000000000000002E-004   1.4807745231236106E-002
   73.526473526473538        4.0000000000000002E-004   1.4807745231236106E-002
   73.606393606393610        4.0000000000000002E-004   1.4807745231236106E-002
   73.686313686313696        4.0000000000000002E-004   1.4807745231236106E-002
   73.766233766233768        4.0000000000000002E-004   1.4807745231236106E-002
   73.846153846153854        4.0000000000000002E-004   1.4807745231236106E-002
   73.926073926073926        4.0000000000000002E-004   1.4807745231236106E-002
   74.005994005994012        4.0000000000000002E-004   1.4807745231236106E-002
   74.085914085914098        4.0000000000000002E-004   1.4807745231236106E-002
   74.165834165834170        4.0000000000000002E-004   1.4807745231236106E-002
   74.245754245754256        4.0000000000000002E-004   1.4807745231236106E-002
   74.325674325674328        4.0000000000000002E-004   1.4807745231236106E-002
   74.405594405594414        4.0000000000000002E-004   1.4807745231236106E-002
   74.485514485514486        4.0000000000000002E-004   1.4807745231236106E-002
   74.565434565434572        4.0000000000000002E-004   1.4807745231236106E-002
   74.645354645354658        4.0000000000000002E-004   1.4807745231236106E-002
   74.725274725274730        4.0000000000000002E-004   1.4807745231236106E-002
   74.805194805194816        4.0000000000000002E-004   1.4807745231236106E-002
   74.885114885114888        4.0000000000000002E-004   1.4807745231236106E-002
   74.965034965034974        4.0000000000000002E-004   1.4807745231236106E-002
   75.044955044955046        4.0000000000000002E-004   1.4807745231236106E-002
   75.124875124875132        4.0000000000000002E-004   1.4807745231236106E-002
   75.204795204795218        4.0000000000000002E-004   1.4807745231236106E-002
   75.284715284715290        4.0000000000000002E-004   1.4807745231236106E-002
   75.364635364635376        4.0000000000000002E-004   1.4807745231236106E-002
   75.444555444555448        4.0000000000000002E-004   1.4807745231236106E-002
   75.524475524475534        4.0000000000000002E-004   1.4807745231236106E-002
   75.604395604395606        4.0000000000000002E-004   1.4807745231236106E-002
   75.684315684315692        4.0000000000000002E-004   1.4807745231236106E-002
   75.764235764235764        4.0000000000000002E-004   1.4807745231236106E-002
   75.844155844155850        4.0000000000000002E-004   1.4807745231236106E-002
   75.924075924075936        4.0000000000000002E-004   1.4807745231236106E-002
   76.003996003996008        4.0000000000000002E-004   1.4807745231236106E-002
   76.083916083916094        4.0000000000000002E-004   1.4807745231236106E-002
   76.163836163836166        4.0000000000000002E-004   1.4807745231236106E-002
   76.243756243756252        4.0000000000000002E-004   1.4807745231236106E-002
   76.323676323676324        4.0000000000000002E-004   1.4807745231236106E-002
   76.403596403596410        4.0000000000000002E-004   1.4807745231236106E-002
   76.483516483516496        4.0000000000000002E-004   1.4807745231236106E-002
   76.563436563436568        4.0000000000000002E-004   1.4807745231236106E-002
   76.643356643356654        4.0000000000000002E-004   1.4807745231236106E-002
   76.723276723276726        4.0000000000000002E-004   1.4807745231236106E-002
   76.803196803196812        4.0000000000000002E-004   1.4807745231236106E-002
   76.883116883116884        4.0000000000000002E-004   1.4807745231236106E-002
   76.963036963036970        4.0000000000000002E-004   1.4807745231236106E-002
   77.042957042957056        4.0000000000000002E-004   1.4807745231236106E-002
   77.122877122877128        4.0000000000000002E-004   1.4807745231236106E-002
   77.202797202797214        4.0000000000000002E-004   1.4807745231236106E-002
   77.282717282717286        4.0000000000000002E-004   1.4807745231236106E-002
   77.362637362637372        4.0000000000000002E-004   1.4807745231236106E-002
   77.442557442557444        4.0000000000000002E-004   1.4807745231236106E-002
   77.522477522477530        4.0000000000000002E-004   1.4807745231236106E-002
   77.602397602397602        4.0000000000000002E-004   1.4807745231236106E-002
   77.682317682317688        4.0000000000000002E-004   1.4807745231236106E-002
   77.762237762237774        4.0000000000000002E-004   1.4807745231236106E-002
   77.842157842157846        4.0000000000000002E-004   1.4807745231236106E-002
   77.922077922077932        4.0000000000000002E-004   1.4807745231236106E-002
   78.001998001998004        4.0000000000000002E-004   1.4807745231236106E-002
   78.081918081918090        4.0000000000000002E-004   1.4807745231236106E-002
   78.161838161838162        4.0000000000000002E-004   1.4807745231236106E-002
   78.241758241758248        4.0000000000000002E-004   1.4807745231236106E-002
   78.321678321678334        4.0000000000000002E-004   1.4807745231236106E-002
   78.401598401598406        4.0000000000000002E-004   1.4807745231236106E-002
   78.481518481518492        4.0000000000000002E-004   1.4807745231236106E-002
   78.561438561438564        4.0000000000000002E-004   1.4807745231236106E-002
   78.641358641358650        4.0000000000000002E-004   1.4807745231236106E-002
   78.721278721278722        4.0000000000000002E-004   1.4807745231236106E-002
   78.801198801198808        4.0000000000000002E-004   1.4807745231236106E-002
   78.881118881118894        4.0000000000000002E-004   1.4807745231236106E-002
   78.961038961038966        4.0000000000000002E-004   1.4807745231236106E-002
   79.040959040959052        4.0000000000000002E-004   1.4807745231236106E-002
   79.120879120879124        4.0000000000000002E-004   1.4807745231236106E-002
   79.200799200799210        4.0000000000000002E-004   1.4807745231236106E-002
   79.280719280719282        4.0000000000000002E-004   1.4807745231236106E-002
   79.360639360639368        4.0000000000000002E-004   1.4807745231236106E-002
   79.440559440559440        4.0000000000000002E-004   1.4807745231236106E-002
   79.520479520479526        4.0000000000000002E-004   1.4807745231236106E-002
   79.600399600399612        4.0000000000000002E-004   1.4807745231236106E-002
   79.680319680319684        4.0000000000000002E-004   1.4807745231236106E-002
   79.760239760239770        4.0000000000000002E-004   1.4807745231236106E-002
   79.840159840159842        4.0000000000000002E-004   1.4807745231236106E-002
   79.920079920079928        4.0000000000000002E-004   1.4807745231236106E-002
